place,year,type,number,判決金額,原告勝訴,原告律師,被告律師,原告車輛,被告車輛,find_costs,find_law,find_weather,find_time,find_situation
PHDV*100*insurance*1*0*0*0*0*0*小客車_重型機車*0,0,0,0,0,0,0,0,0,0,0,0,0,0,0,0*0,1,1,1,0,0,0,0,0,0,0*0,0,0,0,0,0*1,0*0,0,0,0,1,0,0,0,0,0,0,1,0,0,0,0,0,0,0,0,0,0,0,0,0,0,0,0,0,0,0
PHDV*101*suit*29*464846*1*0*0*0*0*0,0,1,0,0,0,1,1,0,0,0,0,0,1,1,0*0,1,1,0,0,0,0,0,1,0,1*0,0,0,0,0,0*0,0*0,0,0,0,0,0,0,0,0,0,0,0,0,0,0,0,0,0,0,0,0,0,0,0,0,0,0,0,0,0,0
PHDV*101*suit*42*41488*1*0*梁宗憲律師_陳慧錚律師_王進勝律師*0*0*0,0,1,0,0,0,0,0,0,0,0,0,0,0,0,0*0,1,1,1,0,0,0,0,0,0,0*0,0,0,0,0,0*0,0*0,0,0,0,1,0,0,0,0,0,0,0,0,0,0,0,0,0,0,0,0,0,0,0,0,0,0,0,0,0,0
PHDV*101*suit*68*105048*1*0*魯惠良律師*0*0*0,0,1,0,0,0,1,1,0,0,0,1,0,1,1,0*1,1,1,1,0,0,0,0,1,1,0*0,0,0,0,0,0*0,1*0,1,0,0,1,0,0,0,0,0,0,0,1,0,0,0,0,0,0,0,0,0,0,0,0,0,0,0,0,0,0
PHDV*102*suit*11*75064*1*0*李衍志律師*0*重型機車*0,0,1,0,0,0,0,1,0,0,0,0,1,0,0,0*1,1,1,1,0,0,0,0,1,1,0*0,0,0,0,0,0*0,1*0,1,0,0,0,0,0,0,0,0,0,0,0,0,0,0,0,0,1,0,0,0,0,0,0,0,0,0,0,0,0
PHDV*102*suit*26*346385*1*0*0*0*小客車*0,1,0,0,0,0,0,0,0,0,0,0,0,0,0,0*1,1,1,1,0,0,0,0,0,1,0*0,0,0,0,0,0*0,0*0,1,0,0,0,0,0,0,0,0,0,0,1,0,0,0,0,0,1,0,0,0,0,0,0,0,0,0,0,0,0
PHDV*103*insurance*1*1787063*1*0*楊昌禧律師_梁育誠律師*0*重型機車*0,0,0,0,0,0,0,1,0,0,0,1,0,0,1,0*1,1,1,1,0,0,0,1,1,1,0*0,0,0,0,0,0*0,0*0,1,0,0,0,0,0,0,0,0,0,0,0,0,0,0,0,0,0,0,0,0,0,0,0,0,0,0,0,0,0
PHDV*103*suit*24*574120*1*0*魯惠良律師*0*0*0,1,1,1,0,0,1,1,0,1,0,1,0,1,1,1*1,1,1,1,0,0,0,0,1,1,1*0,0,0,0,0,0*0,1*0,1,0,0,1,0,0,0,0,0,0,0,0,0,0,0,0,0,1,0,0,0,0,0,0,0,0,0,0,0,0
PHDV*103*insurance*4*62950*1*0*0*0*0*0,0,0,0,0,0,0,1,0,0,0,0,0,1,1,0*0,1,1,1,0,0,0,1,1,0,0*0,0,0,0,0,0*0,0*0,0,0,0,0,0,0,0,0,0,0,0,0,0,0,0,0,0,0,0,0,0,0,0,0,0,0,0,0,0,0
PHDV*103*small*75*6500*1*0*0*0*0*0,0,0,0,0,0,0,0,0,0,0,0,0,0,0,0*0,1,1,1,0,0,0,0,0,0,0*0,0,0,0,0,0*0,0*0,0,0,0,0,0,0,0,0,0,0,0,0,0,0,0,0,0,0,0,0,0,0,0,0,0,0,0,0,0,0
PHDV*103*summary*77*100000*1*0*0*0*0*0,0,1,0,0,0,0,0,0,0,0,0,0,1,0,0*1,1,1,1,0,0,0,1,1,1,0*0,0,0,0,0,0*0,1*0,1,0,0,1,0,0,0,0,0,0,0,0,0,0,0,0,0,1,0,0,0,0,0,0,0,0,0,0,0,0
PHDV*88*suit*3*14474267*1*許文贊律師*馬陳棠律師*0*卡車*0,0,0,0,0,0,0,1,0,0,0,1,0,1,1,0*0,1,1,1,0,0,0,1,1,0,0*0,0,0,0,0,0*0,1*0,1,0,0,0,0,0,0,0,0,0,0,0,0,0,0,0,0,0,0,0,0,0,0,0,0,0,0,0,0,0
PHDV*88*suit*4*2050545*1*0*0*0*0*0,0,1,0,0,0,0,1,0,1,1,0,1,0,0,0*0,1,1,1,0,0,0,0,0,0,1*0,0,0,0,0,0*0,0*0,0,0,0,0,0,0,0,0,0,0,0,0,0,0,0,0,0,0,0,0,0,0,0,0,0,0,0,0,0,0
PHDV*89*suit*66*0*0*0*許文贊律師*0*0*0,1,0,0,0,0,0,0,0,0,0,0,0,0,0,0*0,1,1,0,0,0,0,0,0,0,0*0,0,0,0,0,0*0,0*0,0,0,0,0,0,0,0,0,0,0,0,0,0,0,0,0,0,0,0,0,0,0,0,0,0,0,0,0,0,0
PHDV*90*suit*1*906099*1*0*0*0*0*0,0,1,0,0,0,0,1,0,0,0,0,0,0,1,0*0,1,1,1,0,0,0,0,1,0,1*0,0,0,0,0,0*1,0*0,1,0,0,0,0,0,0,0,0,0,0,0,0,0,0,0,0,0,0,0,0,0,0,0,0,1,0,0,0,0
PHDV*90*suit*29*120000*1*0*0*0*0*0,0,1,0,0,0,0,0,0,0,0,0,0,0,0,0*0,1,1,0,0,0,0,0,0,0,0*0,0,0,0,0,0*0,0*0,0,0,0,0,0,0,0,0,0,0,0,0,0,0,0,0,0,0,0,0,0,0,0,0,0,0,0,0,0,0
PHDV*90*suit*3*762929*1*0*0*0*0*0,0,1,1,0,0,0,1,1,0,0,1,0,0,1,1*0,1,1,1,0,0,0,0,1,0,1*0,0,0,0,0,0*0,1*0,1,0,0,0,0,0,0,0,0,0,0,0,0,0,0,0,0,0,0,0,0,0,0,0,0,0,0,0,0,0
PHDV*91*suit*33*936670*1*0*0*0*小客車*0,0,1,0,0,0,0,0,0,0,0,0,1,0,0,0*0,1,1,1,0,0,0,1,1,0,1*0,0,0,0,0,0*0,1*0,1,0,0,1,0,0,0,0,0,0,0,0,0,0,0,0,0,0,0,0,0,0,0,0,0,0,0,0,0,0
PHDV*91*suit*51*230000*1*0*0*0*0*0,0,0,0,0,0,0,0,0,0,0,0,0,0,0,0*1,0,1,1,0,0,0,0,1,1,0*0,0,0,0,0,0*0,1*0,0,0,0,0,0,0,0,0,0,0,0,1,0,0,0,0,0,0,0,0,0,0,0,0,0,0,0,0,0,0
PHDV*92*suit*13*948882*1*郭振茂律師*0*0*0*0,0,0,0,0,0,0,0,0,0,0,0,1,0,0,0*0,0,1,1,0,0,0,0,1,0,0*0,0,0,0,0,0*0,1*0,0,0,0,0,0,0,0,0,0,0,0,0,0,0,0,0,0,0,0,0,0,0,0,0,0,0,0,0,0,0
PHDV*92*suit*20*0*0*乙○○律師*馬陳棠律師*0*小客車*0,0,0,0,0,0,0,1,1,0,0,0,0,1,0,0*0,1,1,1,0,0,0,1,0,1,0*0,0,0,0,0,0*0,1*0,1,0,0,1,1,0,0,0,0,0,0,1,0,0,0,0,0,1,0,0,0,1,0,0,0,0,0,0,0,0
PHDV*92*suit*6*19000*1*0*0*0*0*0,0,0,0,0,0,0,0,0,0,0,0,0,1,0,0*0,1,1,1,0,0,0,1,1,0,0*0,0,0,0,0,0*1,0*0,1,0,0,0,0,0,0,0,0,0,0,0,0,0,0,0,1,1,0,0,0,0,0,0,0,0,0,0,0,0
PHDV*93*suit*28*997373*1*0*洪文佐律師*0*重型機車*0,0,0,0,0,0,0,1,0,0,0,0,0,0,0,0*1,1,1,1,0,0,0,1,1,1,1*0,0,0,0,0,0*1,0*0,0,0,0,1,0,0,0,0,0,0,0,0,0,0,0,0,1,1,0,0,0,0,0,0,0,0,0,0,0,0
PHDV*93*suit*35*177445*1*0*0*0*卡車*0,0,1,0,0,0,0,1,0,0,1,0,1,0,0,0*0,1,1,1,0,0,0,0,0,0,0*0,0,0,0,0,0*0,1*0,1,0,0,1,0,0,0,0,0,0,0,0,0,0,0,0,0,0,0,0,0,0,0,0,1,0,0,0,0,0
PHDV*94*suit*39*0*0*許文贊律師*陳旻沂律師_吳艾黎律師*0*營業小客車_小客車*0,1,1,0,0,0,1,1,0,0,0,1,0,1,1,0*0,1,1,1,0,0,0,0,1,0,0*0,0,0,0,0,0*0,0*0,0,0,0,1,0,0,0,0,0,0,0,0,0,0,0,0,0,0,0,0,0,0,0,0,0,0,0,0,0,0
PHDV*94*suit*10*505850*1*0*魯惠良律師*0*0*0,0,1,0,0,0,0,0,0,1,1,0,1,0,0,0*0,1,1,1,0,0,0,0,1,0,1*0,0,0,0,0,0*1,1*0,0,0,0,0,0,0,0,0,0,0,0,0,0,0,0,0,0,0,0,0,0,0,0,0,0,0,0,0,0,0
PHDV*95*suit*34*144833*1*0*0*0*0*0,0,1,0,0,0,0,1,0,0,0,0,0,1,1,0*0,0,1,1,0,0,0,0,0,0,1*0,0,0,0,0,0*0,0*0,1,0,0,1,0,0,0,0,0,0,0,0,0,0,0,0,0,0,0,0,0,0,0,0,0,0,0,0,0,0
PHDV*95*suit*46*0*0*0*周春米律師*0*0*0,0,0,0,0,0,0,0,0,0,0,0,0,0,0,0*0,1,1,0,0,0,0,0,0,0,0*0,0,0,0,0,0*0,0*0,0,0,0,0,0,0,0,0,0,0,0,0,0,0,0,0,0,0,0,0,0,0,0,0,0,0,0,0,0,0
PHDV*95*suit*7*0*0*0*洪梅芬律師_李季錦律師*0*小客車*0,0,0,0,0,0,0,0,0,0,0,0,1,0,0,0*1,1,1,1,0,0,0,0,0,1,1*0,0,0,0,0,0*1,1*0,1,0,0,0,0,0,0,0,0,0,0,0,0,0,0,0,0,1,0,0,0,0,0,0,0,1,0,0,0,0
PHDV*96*suit*13*0*0*0*楊慧娟律師*0*0*0,0,1,0,0,0,0,1,0,0,0,0,0,0,0,0*0,1,1,1,0,0,0,0,0,0,0*0,0,0,0,0,0*0,0*0,0,0,0,0,0,0,0,0,0,0,0,0,0,0,0,0,0,0,0,0,0,0,0,0,0,0,0,0,0,0
PHDV*96*suit*24*0*1*0*0*0*0*0,0,1,1,0,0,0,1,0,0,0,0,0,1,1,0*0,0,1,0,0,0,0,0,0,0,0*0,0,0,0,0,0*1,0*0,0,0,0,0,0,0,0,0,0,0,0,0,0,0,0,0,0,0,0,0,0,0,0,0,0,0,0,0,0,0
PHDV*96*suit*8*869529*1*丙○○律師*林永發律師_陳旻沂律師_陳建欽律師*0*0*0,0,1,0,0,0,0,1,0,0,1,0,0,0,0,0*0,1,1,1,0,0,0,0,0,0,1*0,0,0,0,0,0*1,1*0,0,0,0,0,0,0,0,0,0,0,0,0,0,0,0,0,0,0,0,0,0,0,0,0,0,0,0,0,0,0
PHDV*96*suit*1*40709771*1*盧世欽律師*林志強律師*0*0*0,1,0,0,0,0,0,0,0,0,0,0,0,0,0,0*0,1,1,0,0,0,0,0,0,0,0*0,0,0,0,0,0*0,0*0,0,0,0,0,0,0,0,0,0,0,0,0,0,0,0,0,0,0,0,0,0,0,0,0,0,0,0,0,0,0
PHDV*97*suit*14*156680*1*許文贊律師*謝曜焜律師_吳俊達律師*0*0*0,1,0,0,0,0,0,0,0,0,0,0,0,0,0,0*0,1,1,0,0,0,0,0,0,0,0*0,0,0,0,0,0*0,1*0,0,0,0,0,0,0,0,0,0,0,0,0,0,0,0,0,0,0,0,0,0,0,1,0,0,0,0,0,0,0
PHDV*97*suit*31*0*0*余景登律師_余景登律師*0*0*卡車_小客車*0,0,0,0,0,0,0,0,0,0,0,0,0,0,0,0*1,1,1,1,0,0,0,0,1,1,1*0,0,0,0,0,0*0,1*0,1,0,0,1,0,0,0,0,0,0,0,0,0,0,0,0,0,1,0,0,0,0,0,0,0,0,0,0,0,0
PHDV*97*suit*46*0*0*0*0*0*0*0,0,0,0,0,0,0,0,0,0,0,0,0,0,0,0*0,1,1,0,0,0,0,0,0,0,0*0,0,0,0,0,0*1,0*0,0,0,0,0,0,0,0,0,0,0,0,0,0,0,0,0,0,0,0,0,0,0,0,0,0,0,0,0,0,0
PHDV*99*suit*9*451024*1*許文贊律師*0*0*0*0,0,0,0,0,0,0,1,0,0,0,0,0,0,1,0*0,1,1,1,0,0,0,0,1,0,0*0,0,0,0,0,0*0,1*0,0,0,0,0,0,0,0,0,0,0,0,0,0,0,0,0,0,0,0,0,0,0,0,0,0,0,0,0,0,0
PHDV*99*suit*2*13120577*1*0*劉家榮律師*0*0*0,0,1,0,0,0,0,1,0,0,0,0,0,1,1,0*0,1,1,1,0,0,0,0,1,0,1*0,0,0,0,0,0*0,1*0,0,0,0,0,0,0,0,0,0,0,0,0,0,0,0,0,0,0,0,0,0,0,0,0,0,0,0,0,0,0
