place,year,type,number,判決金額,原告勝訴,原告律師,被告律師,原告車輛,被告車輛,find_costs,find_law,find_weather,find_time,find_situation
KMDV*101*suit*26*468231*1*李志澄律師_林美伶律師*吳奎新律師*0*卡車*0,0,1,0,0,0,0,0,0,1,1,0,1,0,0,0*1,1,1,1,0,0,0,1,1,1,1*0,0,0,0,0,0*0,1*0,0,0,0,1,0,0,0,0,0,0,0,0,0,0,0,0,1,1,0,0,0,0,0,0,0,0,0,0,0,0
KMDV*101*suit*33*109390*1*0*沈炎平律師*0*0*0,0,1,0,0,0,0,1,0,0,0,1,0,1,0,0*0,0,1,1,0,0,0,0,1,0,0*0,0,0,0,0,0*1,1*0,0,0,0,0,0,0,0,0,0,0,0,0,0,0,0,0,0,0,0,0,0,0,0,0,0,0,0,0,0,0
KMDV*101*suit*36*250958*1*0*0*0*0*0,0,1,0,0,0,0,1,0,0,0,1,0,1,0,0*0,1,1,0,0,0,0,0,1,0,0*0,0,0,0,0,0*1,0*0,0,0,0,0,0,0,0,0,0,0,0,0,0,0,0,0,0,0,0,0,0,0,0,0,0,0,0,0,0,0
KMDV*101*suit*38*212327*1*0*0*重型機車*小客車*0,0,1,0,0,0,1,1,0,0,0,1,0,1,1,0*0,1,1,1,0,0,0,1,1,0,1*0,0,0,0,0,0*0,1*0,1,0,0,0,0,0,0,0,0,0,0,0,0,0,0,0,0,0,0,0,0,0,0,0,0,0,0,0,0,1
KMDV*101*suit*44*0*1*0*0*卡車_大客車*0*0,1,1,0,0,0,0,1,0,0,0,1,0,1,1,1*1,1,1,1,0,0,0,1,1,1,1*0,0,0,0,1,0*0,1*0,1,0,0,1,0,0,0,0,0,0,0,0,1,0,0,0,1,1,0,0,0,0,0,0,0,0,0,0,0,1
KMDV*101*suit*54*0*0*吳奎新律師*陳達成律師*0*0*0,0,0,0,0,0,0,0,0,0,0,0,0,0,0,0*0,1,1,0,0,0,0,0,0,0,0*0,0,0,0,0,0*0,0*0,0,0,0,0,0,0,0,0,0,0,0,0,0,0,0,0,0,0,0,0,0,0,0,0,0,0,0,0,0,0
KMDV*102*small*35*0*0*0*0*小客車*卡車*0,1,1,0,0,0,0,0,0,0,0,0,0,0,0,0*0,1,1,1,1,0,0,1,0,0,1*0,0,0,0,0,0*0,1*0,1,0,0,1,0,0,0,0,0,0,0,1,0,0,0,0,0,0,0,0,0,1,0,0,0,0,0,0,0,0
KMDV*102*suit*2*602074*1*沈炎平律師*0*0*0*0,0,1,0,0,0,0,1,0,0,0,1,0,1,1,0*1,1,1,1,0,0,0,1,1,1,1*0,0,0,0,1,0*0,1*0,0,0,0,0,0,0,0,0,0,0,0,0,0,0,0,0,0,0,0,0,0,1,0,0,0,0,0,0,0,1
KMDV*102*suit*36*360000*1*0*0*重型機車*小客車*0,0,1,0,0,0,0,1,0,0,0,1,0,0,1,0*1,1,1,1,0,0,0,1,1,1,0*0,0,0,0,0,0*0,1*0,1,0,0,1,0,0,0,0,0,0,0,0,0,0,0,1,0,0,0,0,0,0,0,0,0,0,1,0,0,0
KMDV*102*suit*40*806715*1*0*鄭成東律師*0*0*0,0,1,0,0,1,0,1,0,0,0,1,0,1,1,1*1,1,1,1,0,0,0,0,1,1,1*0,0,0,0,0,0*0,1*0,1,0,0,1,0,0,0,0,0,0,0,0,0,0,0,0,1,1,0,0,0,0,0,0,0,0,0,0,0,1
KMDV*102*suit*66*1055820*1*0*陳詩文律師_蔡伊雅律師_賴俊維律師*0*0*0,1,1,1,0,0,0,1,1,0,0,1,0,1,1,0*1,1,1,1,0,0,0,1,1,0,1*0,0,0,0,0,0*1,1*0,0,0,0,1,0,0,0,0,0,0,0,0,0,0,0,0,0,1,0,0,0,0,0,0,0,0,0,0,0,0
KMDV*102*suit*12*2316578*1*顧定軒律師*李志澄律師_林美伶律師*0*0*0,0,1,0,0,0,0,1,1,0,0,1,0,1,1,0*0,0,1,1,0,0,0,0,1,0,1*0,0,0,0,0,0*1,0*0,0,0,0,0,0,0,0,0,0,0,0,0,0,0,0,0,0,0,0,0,0,0,0,0,0,0,0,0,0,0
KMDV*103*summary*18*0*0*0*0*小客車*卡車*0,1,1,0,0,0,0,1,0,0,0,0,0,0,0,0*0,1,1,1,0,0,0,0,0,0,0*0,0,0,0,0,0*0,1*0,0,0,0,1,0,0,0,0,0,0,0,0,0,0,0,0,1,1,0,0,0,0,0,0,0,0,0,0,0,0
KMDV*103*summary*40*15000*1*0*0*重型機車*卡車*0,0,1,0,0,0,0,0,0,0,0,0,0,0,0,0*0,1,1,1,0,0,0,0,0,0,0*0,0,0,0,0,0*1,1*0,0,0,0,1,0,0,0,0,0,0,0,0,0,0,0,0,0,0,0,0,0,0,0,0,0,0,0,0,0,0
KMDV*103*suit*47*60000*1*0*0*0*輕型機車*0,0,1,0,0,0,0,0,0,0,0,0,0,0,0,0*1,0,1,1,0,0,0,0,0,0,1*0,0,0,0,0,0*0,1*0,0,0,0,0,0,0,0,0,0,0,0,0,0,0,0,0,1,0,0,0,0,0,0,0,0,0,0,0,0,1
KMDV*87*suit*10*1252424*1*0*0*0*營業小客車*0,1,1,0,0,0,0,1,0,0,0,1,0,1,0,0*0,0,1,1,0,0,0,0,1,0,1*0,0,0,0,0,0*0,1*0,0,0,0,0,0,0,0,0,0,0,0,0,0,0,0,0,1,1,0,0,0,0,0,0,0,0,1,0,0,0
KMDV*89*suit*34*0*0*0*0*0*0*0,0,0,0,0,0,1,1,0,0,0,0,0,0,0,0*0,1,1,1,0,0,0,0,1,0,0*0,0,0,0,0,0*0,1*0,0,0,0,0,0,0,0,0,0,0,0,0,0,0,0,0,0,0,0,0,0,0,0,0,0,0,0,0,0,0
KMDV*90*suit*70*0*0*0*0*0*0*0,0,0,0,0,0,0,0,0,0,0,0,0,0,0,0*0,0,1,0,0,0,0,0,0,0,0*0,0,0,0,0,0*0,0*0,0,0,0,0,0,0,0,0,0,0,0,0,0,0,0,0,0,0,0,0,0,0,0,0,0,0,0,0,0,0
KMDV*90*suit*4*141190*1*0*0*0*0*0,0,1,0,0,0,0,1,0,1,0,1,0,0,0,0*1,1,1,1,0,0,0,1,1,0,1*0,0,0,0,0,0*0,1*0,0,0,0,1,0,0,0,0,0,0,0,0,0,0,0,0,1,1,0,0,0,0,0,0,0,0,1,0,0,0
KMDV*91*suit*4*100000*1*0*0*0*0*0,0,1,0,0,0,0,1,0,0,0,0,0,0,0,0*0,1,1,0,0,0,0,0,0,0,0*0,0,0,0,0,0*0,0*0,0,0,0,0,0,0,0,0,0,0,0,0,0,0,0,0,0,0,0,0,0,0,0,0,0,0,0,0,0,0
KMDV*93*suit*29*331467*1*0*0*0*卡車*0,0,1,0,0,0,1,1,0,0,0,1,0,1,1,0*1,1,1,1,0,0,0,0,1,1,1*0,0,0,0,1,0*0,1*0,1,0,0,0,0,0,0,0,0,0,0,0,0,0,0,0,0,1,0,0,0,1,0,0,0,0,0,0,0,0
KMDV*93*suit*47*1400000*1*0*0*0*0*0,0,0,0,0,0,0,0,0,0,0,0,0,0,0,0*0,0,1,0,0,0,0,0,1,0,0*0,0,0,0,0,0*1,0*0,0,0,0,0,0,0,0,0,0,0,0,0,0,0,0,0,0,0,0,0,0,0,0,0,0,0,0,0,0,0
KMDV*93*suit*50*411770*1*0*0*0*卡車*0,0,1,0,0,0,0,0,0,0,1,0,1,0,0,0*0,0,1,1,0,0,0,0,0,0,1*0,0,0,0,0,0*0,1*0,1,0,0,0,0,0,0,0,0,0,0,0,0,0,0,0,0,0,0,0,0,0,0,0,0,0,0,0,0,0
KMDV*94*summary*19*20000*1*0*0*0*0*0,0,0,0,0,0,0,1,0,0,0,0,0,0,0,0*0,1,1,1,0,0,0,0,1,0,0*0,0,0,0,0,0*1,0*0,0,0,0,1,0,0,0,0,0,0,0,0,0,0,0,0,0,0,0,0,0,0,0,0,0,0,0,0,0,0
KMDV*94*suit*20*7000*1*李志澄律師*0*0*0*0,0,1,1,0,0,1,1,0,0,0,1,0,1,1,0*0,1,1,1,0,0,0,0,1,0,0*0,0,0,0,0,0*1,0*0,0,0,0,1,0,0,0,0,0,0,0,0,0,0,0,0,0,0,0,0,0,0,0,0,0,0,0,0,0,0
KMDV*94*suit*6*450000*1*0*0*0*0*0,0,0,0,0,0,0,0,0,0,0,0,0,0,0,0*0,1,1,0,0,0,0,0,0,0,0*0,0,0,0,0,0*0,0*0,0,0,0,0,0,0,0,0,0,0,0,0,0,0,0,0,0,0,0,0,0,0,0,0,0,0,0,0,0,0
KMDV*95*suit*17*0*0*0*0*0*0*0,0,0,0,0,0,0,0,0,0,0,0,0,0,0,0*0,1,1,0,0,0,0,0,0,0,0*0,0,0,0,0,0*0,0*0,0,0,0,0,0,0,0,0,0,0,0,0,0,0,0,0,0,0,0,0,0,0,0,0,0,0,0,0,0,0
KMDV*95*suit*39*250080*1*0*盧烽池律師*0*小客車*0,0,1,0,0,0,0,1,0,0,0,1,0,1,1,0*0,1,1,0,0,0,0,0,1,0,1*0,0,0,0,0,0*0,0*0,0,0,0,0,0,0,0,0,0,0,0,0,0,0,0,0,0,0,0,0,0,0,0,1,0,0,0,0,0,0
KMDV*96*small*71*0*0*0*0*0*0*0,0,0,0,0,0,0,0,0,0,0,0,0,0,0,0*0,0,1,0,0,0,0,0,0,0,0*0,0,0,0,0,0*0,0*0,0,0,0,0,0,0,0,0,0,0,0,0,0,0,0,0,0,1,0,0,0,0,0,0,0,0,0,0,0,0
KMDV*96*small*81*0*0*0*0*營業小客車*0*0,0,0,0,0,0,0,0,0,0,0,1,0,0,0,0*0,0,1,0,0,0,0,0,0,0,0*0,0,0,0,0,0*0,0*0,0,0,0,0,0,0,0,0,0,0,0,0,0,0,0,0,0,0,0,0,0,0,0,0,0,0,0,0,0,0
KMDV*96*suit*16*0*0*0*0*0*0*0,1,0,0,0,0,1,0,0,0,0,1,0,0,0,0*0,1,1,0,0,0,0,0,0,0,0*0,0,0,0,0,0*0,1*0,0,0,0,0,0,0,0,0,0,0,0,0,0,0,0,0,0,0,0,0,0,0,0,0,0,0,0,0,0,0
KMDV*96*suit*21*201922*1*0*0*0*小客車*0,0,1,0,0,0,0,1,0,0,0,0,0,0,1,0*0,1,1,1,0,0,0,0,1,0,0*0,0,0,0,0,0*0,0*0,0,0,0,1,0,0,0,0,0,0,0,0,0,0,0,0,0,0,0,0,0,0,0,0,0,0,0,0,0,0
KMDV*96*suit*29*789279*1*辛銀珍律師*丁志達律師_陳錫川律師_朱峻賢律師*0*0*0,0,1,0,0,0,0,1,0,1,1,1,1,0,0,0*1,1,1,1,0,0,0,1,1,1,1*0,0,0,0,0,0*0,1*0,1,0,0,0,0,0,0,0,0,0,0,0,0,0,0,0,0,0,0,0,0,0,0,0,0,0,0,0,0,0
KMDV*96*suit*2*3684238*1*0*0*0*小客車*0,0,1,0,0,0,0,1,0,1,0,0,0,1,1,0*1,1,1,1,0,0,0,1,1,0,1*0,0,0,0,1,0*0,1*0,0,0,0,0,0,0,0,0,0,0,0,0,0,0,0,0,1,1,0,0,0,1,0,0,0,0,0,0,0,0
KMDV*96*suit*6*3005280*1*林春華律師*史乃文律師*0*卡車*0,0,1,0,0,0,0,0,0,1,1,0,1,0,0,0*1,1,1,1,0,0,0,0,0,0,0*0,0,0,0,0,0*1,0*0,0,0,0,0,0,0,0,0,0,0,0,0,0,0,0,0,0,1,0,0,0,0,0,0,0,1,0,0,0,0
KMDV*97*summary*25*0*0*0*姜志俊律師*0*0*0,0,0,0,0,0,0,0,0,0,0,0,0,0,0,0*0,1,1,0,0,0,0,0,0,0,0*0,0,0,0,0,0*0,1*0,0,0,0,1,0,0,0,0,0,0,0,0,0,0,0,0,0,0,0,0,0,0,0,0,0,0,0,0,0,0
KMDV*97*suit*12*508690*1*李志澄律師_林美伶律師*0*0*0*0,1,1,0,0,0,0,1,0,0,0,1,0,1,1,0*0,1,1,1,0,0,0,0,1,0,1*0,0,0,0,0,0*0,1*0,0,0,0,0,0,0,0,0,0,0,0,0,0,0,0,1,0,1,0,0,0,0,0,0,0,0,0,0,0,1
KMDV*97*suit*19*1762542*1*李志澄律師_林美伶律師*辛銀珍律師*0*0*0,0,0,0,0,0,0,0,0,0,0,0,1,0,0,1*1,1,1,1,0,0,0,0,0,1,0*0,0,0,0,0,0*1,1*0,0,0,0,1,1,0,0,0,0,0,0,0,0,0,0,0,0,0,0,0,0,0,0,0,0,0,0,0,0,0
KMDV*97*suit*11*1376090*1*鄭崇煌律師*李志澄律師_林國明律師*0*0*0,1,1,0,0,0,0,0,0,0,0,0,0,0,0,0*0,1,1,0,0,0,0,0,0,0,0*0,0,0,0,0,0*0,1*0,0,0,0,0,0,0,0,0,0,0,0,0,0,0,0,0,0,1,0,0,0,0,0,0,0,0,0,0,0,0
KMDV*97*suit*6*123152*1*林春華律師*丁志達律師_陳錫川律師*0*0*0,0,1,0,0,0,0,0,0,1,1,0,1,0,0,0*1,1,1,1,0,0,0,1,1,0,0*0,0,0,0,0,0*1,0*0,0,0,0,1,0,0,0,0,0,0,0,0,0,0,0,0,0,1,0,0,0,0,0,0,0,0,0,0,0,0
KMDV*98*summary*4*260471*1*0*0*卡車*0*0,0,0,0,0,0,0,0,0,0,0,0,0,0,0,0*0,0,1,0,0,0,0,0,0,0,0*0,0,0,0,0,0*1,0*0,0,0,0,0,0,0,0,0,0,0,0,0,0,0,0,0,0,0,0,0,0,0,0,0,0,0,0,0,0,0
KMDV*98*suit*1*276485*1*陳素鶯律師*0*0*0*0,0,1,1,0,0,0,1,0,1,0,1,0,0,1,1*0,1,1,1,0,0,0,1,1,0,1*0,0,0,0,0,0*0,1*0,0,0,0,0,0,0,0,0,0,0,0,0,0,0,0,0,1,1,0,0,0,0,0,0,0,0,0,0,0,1
KMDV*98*suit*10*334680*1*吳奎新律師_陳添信律師*0*0*0*0,1,1,0,0,0,1,1,0,0,0,1,0,1,0,0*0,1,1,1,0,0,0,0,1,0,0*0,0,0,0,0,0*1,1*0,0,0,0,0,0,0,0,0,0,0,0,0,0,0,0,0,0,0,0,0,0,0,0,0,0,0,0,0,0,0
KMDV*98*suit*2*993800*1*吳奎新律師_陳添信律師*李志澄律師_林國明律師*0*0*0,1,0,0,0,0,0,0,0,0,0,0,0,0,0,0*0,1,1,1,0,0,0,0,1,0,0*0,0,0,0,0,0*0,1*0,0,0,0,0,0,0,0,0,0,0,0,0,0,0,0,0,0,0,0,0,0,0,0,0,0,0,0,0,0,0
KMDV*98*suit*4*17093092*1*0*丁志達律師_陳錫川律師_方耀德律師_王東山律師_李美寬律師*0*0*0,0,0,0,0,0,0,0,0,0,0,0,0,0,0,0*0,0,0,0,0,0,0,0,0,0,0*0,0,0,0,0,0*0,1*0,0,0,0,0,0,0,0,0,0,0,0,0,0,0,0,0,0,0,0,0,0,0,0,0,0,0,0,0,0,0
KMDV*99*suit*23*266820*1*0*0*0*小客車*0,0,0,0,0,0,0,0,0,0,0,0,0,0,0,0*0,0,1,0,0,0,0,0,0,0,0*0,0,0,0,0,0*1,1*0,0,0,0,0,0,0,0,0,0,0,0,0,0,0,0,0,0,0,0,0,0,0,0,0,0,0,0,0,0,0
KMDV*99*suit*35*50000*1*0*0*0*卡車*0,1,1,0,0,0,0,0,0,0,0,0,0,1,0,0*1,0,1,1,0,0,0,1,1,0,1*0,0,0,0,1,0*0,1*0,0,0,0,1,0,0,0,0,0,0,0,0,0,0,0,0,0,1,0,0,0,0,0,0,0,0,0,0,0,1
