place,year,type,number,判決金額,原告勝訴,原告律師,被告律師,原告車輛,被告車輛,find_costs,find_law,find_weather,find_time,find_situation
LCDV*101*small*8*2952*1*0*0*0*0*0,1,0,0,0,0,0,0,0,0,0,0,0,0,0,0*0,1,1,0,0,0,0,0,0,1,0*0,0,0,0,0,0*0,0*0,0,0,0,0,0,0,0,0,0,0,0,0,0,0,0,0,0,0,1,0,0,1,0,0,0,0,0,0,0,0
LCDV*101*summary*7*30000*1*0*0*0*0*0,0,1,0,0,0,0,0,0,0,0,0,0,0,0,1*0,1,1,0,0,0,0,0,0,0,0*0,0,0,0,0,0*0,0*0,0,0,0,0,0,0,0,0,0,0,0,0,0,0,0,0,0,0,0,0,0,0,0,0,0,0,0,0,0,0
LCDV*93*suit*20*5155305*1*文鍾奇律師*乙○○律師_戊○○律師_甲○○律師*0*0*0,0,0,0,0,0,0,0,0,0,0,0,0,0,0,0*0,1,0,0,0,0,0,0,0,0,0*0,0,0,0,0,0*0,0*0,0,0,0,0,0,0,0,0,0,0,0,0,0,0,0,0,0,0,0,0,0,0,0,0,0,0,0,0,0,0
LCDV*94*suit*2*755700*1*王永春律師*0*0*0*0,0,1,0,0,0,0,0,0,1,1,0,1,0,0,0*0,0,1,1,0,0,0,0,1,0,1*0,0,0,0,0,0*0,1*0,0,0,0,0,0,0,0,0,0,0,0,0,0,0,0,0,0,0,0,0,0,0,0,0,0,0,0,0,0,0
LCDV*95*summary*10*66830*1*0*0*營業小客車*營業小客車*0,1,0,0,0,0,0,0,0,0,0,0,0,0,0,0*1,1,1,1,0,0,0,1,0,1,1*0,0,0,0,1,0*0,1*0,1,0,0,1,0,0,0,0,0,0,0,0,0,0,0,1,0,1,0,0,0,0,0,0,0,0,1,0,0,0
LCDV*96*small*1*22500*1*0*0*0*0*0,0,0,0,0,0,0,0,0,0,0,0,0,0,0,0*0,1,1,0,0,0,0,0,0,0,0*0,0,0,0,0,0*1,0*0,0,0,0,0,0,0,0,0,0,0,0,0,0,0,0,0,0,0,0,0,0,0,0,0,0,0,0,0,0,0
LCDV*97*small*6*12048*1*0*0*營業小客車*營業小客車*0,1,0,0,0,0,0,0,0,0,0,0,0,0,0,0*0,1,1,1,0,0,0,1,0,1,0*0,0,0,0,0,0*0,1*0,0,0,0,1,0,0,0,0,0,0,0,0,1,0,0,0,1,1,0,0,0,0,0,0,0,0,0,0,0,0
LCDV*97*summary*12*63402*1*0*0*0*0*0,0,1,0,0,0,1,1,0,1,0,1,0,1,0,0*0,1,1,1,0,0,0,0,1,0,0*0,0,0,0,0,0*0,1*0,0,0,0,0,0,0,0,0,0,0,0,0,0,0,0,0,0,0,0,0,0,0,0,0,0,0,0,0,0,0
LCDV*98*small*8*3831*1*0*0*營業小客車_小客車*卡車*0,1,0,0,0,0,0,0,0,0,0,0,0,0,0,0*0,1,1,1,0,0,0,0,0,0,1*0,0,0,0,0,0*0,1*0,1,0,0,1,0,0,0,0,0,0,0,0,0,0,0,0,0,1,0,0,0,1,0,0,0,0,0,0,0,0
