place,year,type,number,判決金額,原告勝訴,原告律師,被告律師,原告車輛,被告車輛,find_costs,find_law,find_weather,find_time,find_situation
TTDV*100*small*100*50000*1*0*0*0*0*0,0,0,0,0,0,0,0,0,0,0,0,0,0,0,0*0,0,1,0,0,0,0,0,0,0,0*0,0,0,0,0,0*0,1*0,0,0,0,0,0,0,0,0,0,0,0,0,0,0,0,0,0,0,0,0,0,0,0,0,0,0,0,0,0,0
TTDV*100*small*129*10930*1*0*0*0*重型機車*0,0,0,0,0,0,0,1,0,0,0,1,0,0,0,0*0,1,1,1,0,0,0,0,1,0,0*0,0,0,0,0,0*0,0*0,1,0,0,1,0,0,0,0,0,0,0,1,0,0,0,0,0,0,1,0,0,0,0,0,0,0,0,0,0,0
TTDV*100*small*130*17400*1*0*0*小客車*卡車*0,1,0,0,0,0,0,0,0,0,0,0,0,0,0,0*0,1,1,1,1,0,0,1,0,0,0*0,0,0,0,0,0*0,0*0,0,0,0,1,0,0,0,0,0,0,0,0,0,0,0,0,1,1,0,1,0,0,0,0,0,0,0,0,0,0
TTDV*100*small*136*47447*1*0*0*卡車*0*0,0,0,0,0,0,0,1,0,0,0,0,0,0,0,0*0,1,1,0,1,0,0,0,1,0,0*0,0,0,0,0,0*0,0*0,0,0,0,0,0,0,0,0,0,0,0,0,0,0,0,0,0,0,0,0,0,0,0,0,0,0,0,0,0,0
TTDV*100*small*150*18000*1*0*0*0*0*0,1,0,0,0,0,0,0,0,0,0,0,0,0,0,0*0,1,1,0,0,0,0,1,0,0,0*0,0,0,0,0,0*0,0*0,0,0,0,0,0,0,0,0,0,0,1,0,0,0,0,0,0,0,0,0,0,0,0,0,0,0,0,0,0,0
TTDV*100*small*153*0*0*0*0*卡車*小客車*0,1,0,0,0,0,0,0,0,0,0,0,0,0,0,0*0,0,1,0,0,0,0,0,0,0,1*0,0,0,0,0,0*0,1*0,0,0,0,0,0,0,0,0,0,0,0,0,0,0,0,0,0,0,0,0,0,0,0,0,0,0,0,0,1,0
TTDV*100*small*180*15837*1*0*0*火車_小客車*營業小客車_小客車*0,1,0,0,0,0,0,0,0,0,0,0,0,0,0,0*0,1,1,1,1,0,0,0,0,0,0*0,0,0,0,0,0*0,0*0,0,0,0,0,0,0,0,0,0,0,0,0,0,0,0,0,0,0,0,0,0,0,0,0,0,0,0,0,0,0
TTDV*100*small*28*12233*1*0*0*小客車*0*0,1,0,0,0,0,0,0,0,0,0,0,0,0,0,0*0,1,1,1,1,0,0,0,0,0,0*0,0,0,0,0,0*0,0*0,1,0,0,0,0,0,0,0,0,0,0,0,0,0,0,0,0,0,1,0,0,0,0,0,0,0,0,0,0,0
TTDV*100*small*3*17244*1*0*0*0*卡車*0,1,0,0,0,0,0,0,0,0,0,0,0,0,0,0*0,0,1,1,0,0,0,0,0,0,0*0,0,0,0,0,0*0,0*0,0,0,0,1,0,0,0,0,0,0,0,0,0,0,0,0,0,0,0,0,0,0,0,0,0,0,0,0,0,0
TTDV*100*small*37*29869*1*0*0*0*小客車*0,1,0,0,0,0,0,0,0,0,0,0,0,0,0,0*0,0,1,0,1,0,0,0,0,0,0*0,0,0,0,0,0*0,0*0,0,0,0,0,0,0,0,0,0,0,0,0,0,0,0,0,0,0,1,0,0,0,0,0,0,0,0,0,0,0
TTDV*100*small*42*45000*1*0*0*小客車*小客車*0,1,0,0,0,0,0,0,0,0,0,0,0,0,0,0*0,1,1,0,0,0,0,0,0,0,0*0,0,0,0,0,0*0,0*0,0,0,0,1,0,0,0,0,0,0,0,0,0,0,0,0,0,0,0,0,0,0,0,0,0,0,0,0,0,0
TTDV*100*small*47*23500*1*0*0*小客車*小客車*0,1,0,0,0,0,0,0,0,0,0,0,0,0,0,0*0,1,1,1,0,0,0,0,0,0,0*0,0,0,0,0,0*0,1*0,1,0,0,1,0,0,0,0,0,0,0,0,0,0,0,0,1,1,0,0,0,0,0,0,0,0,0,0,0,0
TTDV*100*small*7*12205*1*0*0*卡車*卡車*0,1,0,0,0,0,0,0,0,0,0,0,0,0,0,0*0,0,1,1,1,0,0,0,0,0,0*0,0,0,0,0,0*0,0*0,1,0,0,0,0,0,0,0,0,0,0,0,0,0,0,0,0,0,0,0,0,0,0,0,0,0,0,0,0,0
TTDV*100*small*80*13618*1*0*0*0*重型機車*0,1,0,0,0,0,0,0,0,0,0,0,0,0,0,0*0,1,1,0,0,0,0,1,0,0,0*0,0,0,0,0,0*0,0*0,0,0,0,0,0,0,0,0,0,0,0,0,0,0,0,0,0,0,0,0,0,0,0,0,0,0,0,0,0,0
TTDV*100*summary*1*100000*1*0*0*0*0*0,0,0,0,0,0,0,0,0,0,0,0,0,0,0,0*0,1,1,0,0,0,0,0,1,0,0*0,0,0,0,0,0*0,0*0,0,0,0,1,0,0,0,0,0,0,0,0,0,0,0,0,0,0,0,0,0,0,0,0,0,0,0,0,0,0
TTDV*100*summary*106*0*0*0*0*0*0*0,0,0,0,0,0,0,0,0,0,0,0,0,0,0,0*0,1,1,0,0,0,0,0,1,0,0*0,0,0,0,0,0*0,0*0,0,0,0,0,0,0,0,0,0,0,0,0,0,0,0,0,0,0,0,0,0,0,0,0,0,0,0,0,0,0
TTDV*100*summary*107*157036*1*0*0*重型機車*0*0,1,1,0,0,0,0,1,0,0,0,0,0,0,0,0*0,0,1,0,0,0,0,0,1,0,0*0,0,0,0,0,0*0,0*0,0,0,0,0,0,0,0,0,0,0,0,0,0,0,0,0,0,0,0,0,0,0,0,0,0,0,0,0,0,0
TTDV*100*summary*131*127132*1*0*0*0*小客車*0,1,0,0,0,0,0,0,0,0,0,0,0,0,0,0*0,1,1,1,0,0,0,1,0,0,0*0,0,0,0,0,0*0,0*0,0,0,0,1,0,0,0,0,0,0,0,0,0,0,0,0,0,0,0,0,0,0,0,0,0,0,0,0,0,0
TTDV*100*summary*149*50000*1*邱聰安律師*0*0*0*0,0,1,0,0,0,0,0,0,0,0,0,0,0,0,0*0,1,1,0,0,0,0,0,1,0,0*0,0,0,0,0,0*0,1*0,0,0,0,0,0,0,0,0,0,0,0,0,0,0,0,0,0,0,0,0,0,0,0,0,0,0,0,0,0,0
TTDV*100*summary*225*100568*1*0*0*0*小客車*0,1,0,0,0,0,0,0,0,0,0,0,0,0,0,0*0,0,1,0,1,0,0,0,0,0,0*0,0,0,0,0,0*0,1*0,0,0,0,0,0,0,0,0,0,0,0,0,0,0,0,0,0,0,0,0,0,0,0,0,0,0,0,0,0,0
TTDV*100*summary*37*120592*1*0*0*0*卡車*0,0,0,0,0,0,0,0,0,1,0,0,1,0,0,0*1,1,1,1,0,1,0,1,1,1,1*0,0,0,0,0,0*0,1*0,0,0,0,1,0,0,0,0,0,0,0,0,0,0,0,0,1,1,0,0,0,0,0,0,0,0,0,0,0,1
TTDV*100*summary*38*160000*1*0*0*0*卡車*0,0,1,0,0,0,0,0,0,1,0,0,1,0,0,1*1,1,1,1,0,0,0,1,1,1,1*0,0,0,0,0,0*0,1*0,0,0,0,1,0,0,0,0,0,0,0,0,0,0,0,0,1,1,0,0,0,0,0,0,0,0,0,0,0,1
TTDV*100*summary*52*347230*1*曾泰源律師*0*0*0*0,0,0,0,0,0,0,0,0,0,0,0,0,0,0,0*0,1,1,0,0,0,0,0,0,0,0*0,0,0,0,0,0*1,1*0,0,0,0,0,0,0,0,0,0,0,0,0,0,0,0,0,0,0,0,0,0,0,0,0,0,0,0,0,0,0
TTDV*100*summary*59*33523*1*0*0*卡車*0*0,1,0,0,0,0,0,0,0,0,0,0,0,0,0,0*0,1,1,0,0,0,0,1,0,0,0*0,0,0,0,0,0*0,0*0,0,0,0,0,0,0,0,0,0,0,0,0,0,0,0,0,0,0,0,0,0,0,0,0,0,0,0,0,0,0
TTDV*100*summary*64*61381*1*0*0*卡車_小客車*0*0,1,0,0,0,0,0,0,0,0,0,0,0,0,0,0*0,1,1,1,0,0,0,1,0,0,0*0,0,0,1,1,0*1,1*0,1,0,0,1,0,0,0,0,0,0,1,0,0,0,0,0,0,0,0,0,0,0,0,0,0,0,0,0,0,1
TTDV*100*suit*106*474458*1*0*邱聰安律師*0*0*0,0,1,0,0,0,0,1,0,0,0,1,0,1,1,0*1,1,1,1,0,0,0,1,1,1,0*0,0,0,0,0,0*0,1*0,0,0,0,1,1,0,0,0,0,0,0,0,0,0,0,0,0,0,0,0,0,0,0,0,0,0,0,0,0,0
TTDV*100*suit*109*0*0*0*陳信伍律師*0*0*0,0,0,0,0,0,0,0,0,0,0,0,0,0,0,0*0,1,1,0,0,0,0,0,0,0,0*0,0,0,0,0,0*0,1*0,0,0,0,0,0,0,0,0,0,0,0,0,0,0,0,0,0,0,0,0,0,0,0,0,0,0,0,0,0,0
TTDV*100*suit*23*300000*1*0*0*0*0*0,0,0,0,0,0,0,0,0,0,0,0,0,0,0,0*0,1,1,0,0,0,0,0,0,0,0*0,0,0,0,0,0*0,0*0,0,0,0,0,0,0,0,0,0,0,0,0,0,0,0,0,0,0,0,0,0,0,0,0,0,0,0,0,0,0
TTDV*100*suit*3*0*0*王舒慧律師*之傅爾洵律師*0*0*0,0,0,0,0,0,0,0,0,0,0,0,0,0,0,0*1,1,1,1,0,0,0,1,0,1,0*0,0,0,0,0,0*0,1*0,0,0,1,1,0,0,0,0,0,0,0,0,0,0,0,0,0,1,0,0,0,0,0,0,0,0,0,0,0,1
TTDV*100*suit*30*1600497*1*0*0*0*0*0,0,0,0,0,0,0,0,0,1,0,0,1,0,0,0*0,1,1,0,1,0,0,0,0,0,0*0,0,0,0,0,0*0,0*0,0,0,0,0,0,0,0,0,0,0,0,0,0,0,0,0,0,0,0,0,0,0,0,0,0,0,1,0,0,0
TTDV*100*suit*36*0*0*邱聰安律師*王舒慧律師*0*0*0,0,0,0,0,0,0,0,0,0,0,0,0,0,0,0*0,1,1,0,0,0,0,0,0,0,0*0,0,0,0,0,0*0,1*0,0,0,0,0,0,0,0,0,0,0,0,0,0,0,0,0,0,0,0,0,0,0,0,0,0,0,0,0,0,0
TTDV*100*suit*73*539671*1*0*0*0*0*0,0,1,0,0,0,1,1,0,0,0,1,0,1,1,0*0,1,1,0,0,0,0,0,1,0,0*0,0,0,0,0,0*0,1*0,0,0,0,0,0,0,0,0,0,0,0,0,0,0,0,0,0,0,0,0,0,0,0,0,0,0,0,0,0,0
TTDV*100*suit*1*7048344*1*0*蕭芳芳律師*0*營業小客車*0,0,1,0,0,0,0,1,0,0,0,0,0,1,1,0*0,0,1,0,0,0,0,0,0,0,0*0,0,0,0,0,0*0,1*0,0,0,0,0,0,0,0,0,0,0,0,0,0,0,0,0,0,0,0,0,0,0,0,0,0,0,0,0,0,0
TTDV*100*suit*16*0*1*傅爾洵律師*吳漢成律師*0*0*0,0,1,0,0,0,0,1,1,0,0,1,0,1,1,0*0,1,1,1,0,0,0,0,1,1,0*0,0,0,0,0,0*0,1*0,0,0,0,1,0,0,0,0,0,0,0,1,0,0,0,1,0,1,0,0,0,1,0,0,0,0,0,0,0,0
TTDV*100*suit*8*2850921*1*王舒慧律師*0*0*0*0,0,1,0,0,0,0,1,0,0,0,0,0,1,1,0*1,1,1,1,0,0,0,0,0,1,0*0,0,0,0,0,0*0,1*0,0,0,0,1,0,0,0,0,0,0,0,0,0,0,0,0,0,1,1,0,0,0,0,0,0,0,0,0,0,0
TTDV*101*small*102*37105*1*0*0*0*0*0,1,0,0,0,0,0,0,0,0,0,0,0,0,0,0*0,0,1,0,0,0,0,0,0,0,0*0,0,0,0,0,0*0,1*0,0,0,0,0,0,0,0,0,0,0,0,0,0,0,0,0,0,0,0,0,0,0,0,0,0,0,0,0,0,0
TTDV*101*small*106*20700*1*0*0*0*小客車_重型機車*0,1,0,0,0,0,0,0,0,0,0,0,0,0,0,0*0,0,1,1,0,0,0,1,0,0,0*0,0,0,0,0,0*0,0*0,1,0,0,0,0,0,0,0,0,0,0,0,0,0,0,0,0,0,0,0,0,0,0,0,0,0,0,0,0,0
TTDV*101*small*125*7185*1*0*0*0*卡車*0,1,0,0,0,0,0,0,0,0,0,0,0,0,0,0*0,1,1,1,0,0,0,0,0,0,0*0,0,0,0,0,0*0,1*0,1,0,0,0,0,0,0,0,0,0,0,1,0,0,0,0,0,0,0,0,0,0,0,0,0,0,0,0,0,0
TTDV*101*small*141*25095*1*0*0*小客車*小客車*0,1,0,0,0,0,0,0,0,0,0,0,0,0,0,0*0,0,1,1,0,0,0,1,0,0,0*0,0,0,0,0,0*0,1*0,1,0,0,0,0,0,0,0,0,0,0,1,0,0,0,0,0,0,0,0,0,0,0,0,0,0,0,0,0,0
TTDV*101*small*155*44640*1*0*0*小客車*小客車*0,1,0,0,0,0,0,0,0,0,0,0,0,0,0,0*0,0,1,1,0,0,0,1,0,0,1*0,0,0,0,0,0*0,0*0,1,0,0,0,0,0,0,0,0,0,0,1,0,0,0,0,0,0,0,0,0,0,0,0,0,0,0,0,0,0
TTDV*101*small*172*75041*1*0*0*卡車*卡車*1,1,0,0,0,0,0,0,0,0,0,0,0,0,0,0*1,0,1,1,0,0,0,0,0,1,0*0,0,0,0,0,0*0,0*0,1,0,0,1,0,0,0,0,0,0,0,0,0,0,0,0,0,0,0,0,0,0,0,0,0,0,0,0,0,0
TTDV*101*small*183*0*0*0*0*0*0*0,0,0,0,0,0,0,0,0,0,0,0,0,0,0,0*0,1,1,0,0,0,0,0,0,0,0*0,0,0,0,0,0*0,0*0,0,0,0,0,0,0,0,0,0,0,0,0,0,0,0,0,0,0,0,0,0,0,0,0,0,0,0,0,0,0
TTDV*101*small*47*47973*1*0*0*0*0*0,0,1,0,0,0,1,1,0,0,0,1,0,1,0,1*0,1,1,1,1,0,0,0,1,0,0*0,0,0,0,0,0*0,0*0,1,0,0,0,0,0,0,0,0,0,0,0,0,0,0,0,0,0,0,0,0,1,0,0,0,0,0,0,0,0
TTDV*101*summary*104*50000*1*0*0*0*0*0,0,1,0,0,0,0,0,0,0,0,0,0,0,0,0*0,0,1,0,0,0,0,0,0,0,0*0,0,0,0,0,0*0,0*0,0,0,0,0,0,0,0,0,0,0,0,0,0,0,0,0,0,0,0,0,0,0,0,0,0,0,0,0,0,0
TTDV*101*summary*117*28130*1*0*0*小客車*卡車_小客車*1,1,0,0,0,0,0,0,0,0,0,0,0,0,0,0*0,1,1,0,0,0,0,1,0,0,0*0,0,0,0,0,0*0,1*0,0,0,0,0,0,0,0,0,0,0,0,1,0,0,0,0,0,0,0,0,0,0,0,0,0,0,0,0,0,0
TTDV*101*summary*152*10700*1*0*0*0*0*0,0,0,0,0,0,0,0,0,0,0,0,0,0,0,0*0,0,1,0,0,0,0,0,0,0,0*0,0,0,0,0,0*1,1*0,0,0,0,0,0,0,0,0,0,0,0,0,0,0,0,0,0,0,0,0,0,0,0,0,0,0,0,0,0,0
TTDV*101*summary*154*0*0*0*0*0*0*0,0,0,0,0,0,0,0,0,0,0,0,0,0,0,0*0,1,1,0,0,0,0,0,0,0,0*0,0,0,0,0,0*0,0*0,0,0,0,0,0,0,0,0,0,0,0,0,0,0,0,0,0,0,0,0,0,0,0,0,0,0,0,0,0,0
TTDV*101*summary*155*0*0*0*0*0*0*0,0,0,0,0,0,0,0,0,0,0,0,0,0,0,0*0,0,1,0,0,0,0,0,0,0,0*0,0,0,0,0,0*0,0*0,0,0,0,0,1,0,0,0,0,0,0,0,0,0,0,0,0,0,0,0,0,0,0,0,0,0,0,0,0,0
TTDV*101*summary*206*123500*1*0*0*0*卡車*0,1,0,0,0,0,0,0,0,0,0,0,0,0,0,0*0,1,1,0,0,0,0,0,0,0,0*0,0,0,0,0,0*1,0*0,0,0,0,0,0,0,0,0,0,0,0,0,0,0,0,0,0,0,0,0,0,0,0,0,0,0,0,0,0,0
TTDV*101*summary*227*88584*1*0*0*0*0*0,1,0,0,0,0,0,0,0,0,0,0,0,0,0,0*0,0,1,1,0,0,0,1,0,0,0*0,0,0,0,0,0*0,1*0,1,0,0,0,0,0,0,0,0,0,1,1,0,0,0,0,0,0,0,0,0,0,0,0,0,0,0,0,0,0
TTDV*101*summary*232*29461*1*0*0*0*0*0,1,0,0,0,0,1,0,0,0,0,1,0,0,0,0*0,1,1,1,1,0,0,1,0,0,0*0,0,0,0,0,0*0,0*0,1,0,0,1,0,0,0,0,0,0,0,0,0,0,0,0,0,1,0,0,0,0,0,0,0,0,0,0,0,0
TTDV*101*summary*243*150000*1*0*0*0*0*0,0,1,0,0,0,0,0,0,0,0,0,0,0,0,0*0,1,1,0,0,0,0,0,0,0,0*0,0,0,0,0,0*1,1*0,0,0,0,0,0,0,0,0,0,0,0,0,0,0,0,0,0,0,0,0,0,0,0,0,0,0,0,0,0,0
TTDV*101*summary*68*97020*1*0*0*0*0*0,0,0,0,0,0,0,0,0,0,0,0,0,0,0,0*0,1,1,0,0,0,0,0,0,0,0*0,0,0,0,0,0*0,1*0,0,0,0,0,0,0,0,0,0,0,0,0,0,0,0,0,0,0,0,0,0,0,0,0,0,0,0,0,0,0
TTDV*101*summary*96*32970*1*0*0*火車_營業小客車*營業小客車*0,0,1,0,0,0,1,1,0,0,0,0,0,1,0,0*0,1,1,1,0,0,0,0,1,0,0*0,0,0,0,0,0*1,1*0,0,0,0,0,0,0,0,0,0,0,0,0,0,0,0,0,0,0,0,0,0,0,0,0,0,0,0,0,0,0
TTDV*101*suit*112*1440000*1*0*0*0*0*0,0,1,0,0,0,0,1,0,0,0,0,0,0,0,0*0,1,1,1,0,0,0,0,0,0,0*0,0,0,0,0,0*0,0*0,0,0,0,0,0,0,0,0,0,0,0,0,0,0,0,0,0,0,1,0,0,0,0,0,0,0,0,0,0,0
TTDV*101*suit*133*0*0*0*陳信伍律師*0*0*0,0,1,0,0,0,0,0,0,0,1,0,1,0,0,0*0,1,1,1,0,0,0,0,0,0,0*0,0,0,0,0,0*1,0*0,0,0,1,1,0,0,0,0,0,0,0,0,0,0,0,0,1,0,0,0,0,0,0,0,0,0,0,0,0,0
TTDV*101*suit*140*2109633*1*傅爾洵律師*0*0*0*0,0,1,0,0,0,0,1,0,0,0,1,0,1,1,0*0,0,1,1,0,0,0,1,1,0,1*0,0,0,0,0,0*0,0*0,0,0,0,0,0,0,0,0,0,0,0,0,0,0,0,0,0,1,0,0,0,0,0,0,0,0,0,0,0,0
TTDV*101*suit*156*0*1*0*李百律師*0*0*0,0,1,0,0,0,0,0,0,0,0,0,0,0,0,0*0,0,1,1,0,0,0,0,0,0,1*0,0,0,0,0,0*0,1*0,1,0,0,0,0,0,0,0,0,0,0,0,0,0,0,0,0,0,0,0,0,0,0,0,0,0,0,0,0,0
TTDV*101*suit*158*100000*1*0*0*0*0*0,0,0,0,0,0,0,0,0,0,0,0,0,0,0,0*0,0,1,0,0,0,0,0,0,0,0*0,0,0,0,0,0*0,1*0,0,0,0,0,0,0,0,0,0,0,0,0,0,0,0,0,0,0,0,0,0,0,0,0,0,0,0,0,0,0
TTDV*101*suit*168*588463*1*邱聰安律師*陳信伍律師*0*0*0,0,1,0,0,0,0,1,0,0,1,0,1,0,0,0*0,1,1,0,0,0,0,0,0,0,0*0,0,0,0,0,0*0,0*0,0,0,0,1,0,0,0,0,0,0,0,0,0,0,0,0,0,0,0,0,0,0,0,0,0,0,0,0,0,0
TTDV*101*suit*182*1197658*1*李文平律師_李文平律師*蕭享華律師*0*0*0,0,1,0,0,0,0,0,0,0,1,0,1,0,0,0*0,1,1,0,0,0,0,0,0,0,0*0,0,0,0,0,0*1,0*0,0,0,0,0,0,0,0,0,0,0,0,0,0,0,0,0,0,0,0,0,0,0,0,0,0,0,0,0,0,0
TTDV*101*suit*36*784832*1*蕭享華律師*0*0*小客車*0,0,1,0,0,0,0,1,0,1,0,1,0,1,1,0*1,1,1,1,0,0,0,0,1,1,1*0,0,0,0,0,0*0,0*0,1,0,0,1,0,0,0,0,0,0,0,0,0,0,0,0,0,0,0,0,0,0,0,0,0,0,0,0,0,0
TTDV*101*suit*39*2319269*1*王舒慧律師*0*0*0*0,0,1,0,0,0,0,0,0,0,1,0,0,0,0,0*0,1,1,1,0,0,0,0,1,0,0*0,0,0,0,0,0*0,0*0,0,0,0,0,0,0,0,0,0,0,0,0,0,0,0,0,0,0,0,0,0,0,0,0,0,0,0,0,0,0
TTDV*101*suit*41*0*0*0*0*卡車_小客車*卡車*0,1,0,0,0,0,0,0,0,0,0,0,0,0,0,0*1,0,1,1,0,0,0,0,0,1,0*0,0,0,0,0,0*0,0*0,1,0,0,0,0,0,0,0,0,0,0,0,0,0,0,0,0,0,1,0,0,0,0,0,0,0,0,0,0,0
TTDV*101*suit*61*0*0*李百律師*0*營業小客車*小客車*0,0,1,0,0,0,0,0,0,0,0,1,0,0,1,0*0,1,1,1,0,0,0,0,0,0,0*0,0,0,0,0,0*0,0*0,1,0,0,0,0,0,0,0,0,0,0,0,0,0,0,0,0,0,0,0,0,0,0,0,0,0,0,0,0,0
TTDV*101*suit*78*1021560*1*0*0*0*0*0,0,1,0,0,0,0,1,0,0,0,0,0,0,1,0*0,0,1,1,0,0,0,0,1,0,1*0,0,0,0,0,0*0,1*0,0,0,0,1,0,0,0,0,0,0,0,0,0,0,0,0,0,0,0,0,0,0,0,0,0,0,0,0,0,0
TTDV*101*suit*88*0*0*0*0*0*卡車*0,0,1,0,0,0,0,0,0,0,1,0,1,0,0,0*0,1,1,1,0,0,0,0,1,1,1*0,0,0,0,0,0*1,1*0,1,0,0,1,0,0,0,0,0,0,0,0,0,0,0,0,0,0,0,0,0,1,1,0,0,1,0,0,0,1
TTDV*101*suit*93*0*0*0*王丕衍律師*0*0*0,0,0,0,0,0,0,0,0,0,0,0,0,0,0,0*0,1,1,0,0,0,0,0,0,0,0*0,0,0,0,0,0*0,1*0,0,0,0,0,0,0,0,0,0,0,0,0,0,0,0,0,0,0,0,0,0,0,0,0,0,0,0,0,0,0
TTDV*101*suit*1*0*0*0*0*0*0*0,0,0,0,0,0,0,0,0,0,0,0,0,1,0,0*0,1,1,0,0,0,0,0,1,0,0*0,0,0,0,0,0*0,0*0,0,0,0,0,0,0,0,0,0,0,1,0,0,0,0,0,0,0,0,0,0,0,0,0,0,0,0,0,0,0
TTDV*101*suit*19*6375815*1*王丕衍律師*0*0*0*0,0,1,0,0,0,0,1,0,0,0,0,0,1,0,0*0,1,1,0,0,0,0,0,1,0,0*0,0,0,0,0,0*0,0*0,0,0,0,1,0,0,0,0,0,0,0,0,0,0,0,0,0,0,0,0,0,0,0,0,0,0,0,0,0,0
TTDV*101*suit*21*0*1*蕭芳芳律師*邱聰安律師_李百律師*0*0*0,0,1,0,0,0,0,1,0,1,1,0,1,0,0,0*0,0,1,1,0,0,0,0,0,0,1*0,0,0,0,0,0*0,1*0,1,0,0,0,0,0,0,0,0,0,0,0,0,0,0,0,0,0,0,0,0,0,0,0,0,0,0,0,0,0
TTDV*102*suit*7*770682*1*吳漢成律師*0*0*0*0,0,1,0,0,0,0,1,0,0,1,0,1,0,0,0*0,1,1,1,1,0,0,0,0,0,0*0,0,0,0,0,0*1,0*0,0,0,0,0,0,0,0,0,0,0,0,0,0,0,0,0,0,0,0,0,0,0,0,0,0,0,0,0,0,0
TTDV*102*small*10*20662*1*0*0*小客車*重型機車*0,1,0,0,0,0,0,0,0,0,0,0,0,0,0,0*0,1,1,1,1,0,0,1,0,0,0*0,0,0,0,0,0*0,0*0,1,0,0,0,0,0,0,0,0,0,0,0,0,0,0,0,0,0,0,0,0,0,0,0,0,0,0,0,0,0
TTDV*102*small*101*17741*1*0*0*小客車*小客車*0,1,0,0,0,0,0,0,0,0,0,0,0,0,0,0*0,1,1,1,1,0,0,1,0,0,0*0,0,0,0,0,0*0,0*0,1,0,0,1,0,0,0,0,0,0,0,0,0,0,0,0,0,0,0,0,0,0,0,0,0,0,0,0,0,0
TTDV*102*small*155*25000*1*0*0*0*小客車*0,1,0,0,0,0,0,0,0,0,0,0,0,0,0,0*0,1,1,1,0,0,0,1,0,0,0*0,0,0,0,0,0*1,0*0,1,0,0,0,0,0,0,0,0,0,0,0,0,0,0,0,0,0,0,0,0,0,0,0,0,0,0,0,0,0
TTDV*102*small*31*20500*1*0*0*小客車*0*0,1,0,0,0,0,0,0,0,0,0,0,0,0,0,0*0,0,1,0,0,0,0,0,0,0,0*0,0,0,0,0,0*0,0*0,0,0,0,0,0,0,0,0,0,0,0,0,0,0,0,0,0,1,0,0,0,0,0,0,0,0,0,0,0,0
TTDV*102*small*42*0*1*0*0*0*0*0,0,0,0,0,0,0,0,0,0,0,0,0,0,0,0*0,0,1,0,0,0,0,0,0,0,0*0,0,0,0,0,0*1,1*0,0,0,0,0,0,0,0,0,0,0,0,0,0,0,0,0,0,0,0,0,0,0,0,0,0,0,0,0,0,0
TTDV*102*small*5*35000*1*0*0*重型機車*小客車*0,0,1,0,0,0,0,0,0,0,0,0,0,0,0,0*1,1,1,1,0,0,0,1,1,1,0*0,0,0,0,1,0*0,1*0,1,0,0,1,0,0,0,0,0,0,0,0,0,0,0,0,1,1,0,0,0,0,0,0,0,0,0,0,0,1
TTDV*102*small*72*4500*1*0*0*0*0*0,1,0,0,0,0,0,0,0,0,0,0,0,0,0,0*0,1,1,1,0,0,0,0,0,0,0*0,0,0,0,0,0*0,1*0,0,0,0,0,0,0,0,0,0,0,0,0,0,0,0,0,0,0,0,0,0,1,0,0,0,0,0,0,0,0
TTDV*102*small*8*28893*1*0*0*小客車*小客車*0,1,0,0,0,0,0,0,0,0,0,0,0,0,0,0*0,1,1,1,1,0,0,1,0,0,1*0,0,0,0,1,0*0,1*0,0,0,0,1,0,0,0,0,0,0,0,0,0,0,0,0,0,0,0,0,0,0,0,0,0,0,1,0,0,1
TTDV*102*small*99*4895*1*0*0*0*小客車*0,0,0,0,0,0,0,0,0,0,0,0,0,0,0,0*0,1,1,0,0,0,0,0,0,0,0*0,0,0,0,0,0*0,1*0,0,0,0,0,0,0,0,0,0,0,0,0,0,0,0,0,0,0,0,0,0,0,0,0,0,0,0,0,0,0
TTDV*102*summary*135*23972*1*陳信伍律師*王舒慧律師*小客車*0*0,1,0,0,0,0,0,0,0,0,0,1,0,0,0,0*0,1,1,1,0,0,0,0,0,0,0*0,0,0,0,0,0*0,1*0,1,0,0,0,0,0,0,0,0,0,0,0,0,0,0,0,0,1,0,0,0,0,0,0,0,0,0,0,0,0
TTDV*102*summary*144*14627*1*0*0*0*小客車*0,0,1,0,0,0,1,1,0,0,0,0,0,1,1,0*0,1,1,1,0,0,0,0,1,1,0*0,0,0,0,0,0*1,0*0,0,0,0,0,0,0,0,0,0,0,0,0,0,0,0,0,0,1,0,0,0,0,0,0,0,0,0,0,0,0
TTDV*102*summary*156*160333*1*0*0*0*0*0,0,1,0,0,0,0,1,0,0,0,0,0,1,0,0*0,1,1,0,0,0,0,0,1,0,0*0,0,0,0,0,0*0,1*0,0,0,0,0,0,0,0,0,0,0,0,0,0,0,0,0,0,0,0,0,0,0,0,0,0,0,0,0,0,0
TTDV*102*summary*162*138557*1*0*0*0*0*0,1,0,0,0,0,0,0,0,0,0,0,0,0,0,0*0,0,1,1,0,0,0,0,0,0,0*0,0,0,0,0,0*0,1*0,0,0,0,0,0,0,0,0,0,0,0,1,0,0,0,0,0,0,0,0,0,0,0,0,0,0,0,0,0,0
TTDV*102*summary*173*145000*1*蕭芳芳律師*0*0*0*0,0,0,0,0,0,0,0,0,0,0,0,0,0,0,0*0,1,1,1,0,0,0,0,0,0,0*0,0,0,0,0,0*0,0*0,0,0,0,0,0,0,0,0,0,0,0,0,0,0,0,0,0,0,0,0,0,0,0,0,0,0,0,0,0,0
TTDV*102*summary*175*201339*1*0*0*0*0*0,1,0,0,0,0,0,0,0,0,0,0,0,0,0,0*0,0,1,0,0,0,0,0,0,0,0*0,0,0,0,0,0*0,1*0,0,0,0,0,0,0,0,0,0,0,0,0,0,0,0,0,0,0,0,0,0,0,0,0,0,0,0,0,0,0
TTDV*102*summary*21*200149*1*0*0*0*0*0,1,0,0,0,0,0,0,0,0,0,0,0,0,0,0*0,0,1,1,0,0,0,1,0,0,0*0,1,0,0,0,0*0,1*0,1,0,0,1,0,0,0,1,0,0,0,1,0,0,0,1,1,1,0,0,0,1,0,1,0,0,0,0,0,0
TTDV*102*summary*226*221000*1*0*0*0*0*0,0,1,0,0,0,1,0,0,0,0,0,0,0,0,0*0,1,1,0,0,0,0,0,1,0,0*0,0,0,0,0,0*0,1*0,0,0,0,0,0,0,0,0,0,0,0,0,0,0,0,0,0,0,0,0,0,0,0,0,0,0,0,0,0,0
TTDV*102*summary*292*6851*1*0*0*0*0*0,0,1,0,0,0,0,1,0,0,0,0,0,1,0,0*0,1,1,0,0,0,0,0,1,0,0*0,0,0,0,0,0*1,0*0,0,0,0,0,0,0,0,0,0,0,0,0,0,0,0,0,0,0,0,0,0,0,0,0,0,0,0,0,0,0
TTDV*102*summary*301*218620*1*0*0*0*0*0,0,0,0,0,0,0,1,0,1,0,0,1,0,0,0*0,0,1,0,0,0,0,0,0,0,0*0,0,0,0,0,0*0,0*0,0,0,0,0,0,0,0,0,0,0,0,0,0,0,0,0,0,1,0,0,0,0,0,0,0,0,0,0,0,0
TTDV*102*summary*73*0*0*0*許仁豪律師*0*0*0,0,0,0,0,0,0,0,0,0,0,0,0,0,0,0*0,1,1,1,0,0,0,0,1,0,0*0,0,0,0,0,0*1,1*0,1,0,0,1,0,0,0,0,0,0,0,0,0,0,0,0,0,1,0,0,0,0,0,0,0,0,0,0,0,0
TTDV*102*summary*8*30000*1*陳信伍律師_陳信伍律師_陳信伍律師*0*0*0*0,0,1,0,0,0,0,1,0,0,0,0,0,0,0,0*0,0,1,1,1,0,0,1,1,0,0*0,0,0,0,0,0*0,1*0,1,0,0,1,0,0,0,0,0,0,0,0,0,0,0,1,0,0,0,0,0,0,0,0,0,1,0,0,0,0
TTDV*102*suit*129*7710*1*0*0*0*0*0,0,1,0,0,0,0,1,0,1,0,0,1,0,0,0*0,0,1,1,0,0,0,0,0,0,1*0,0,0,0,1,0*0,1*0,1,0,0,1,0,0,0,0,0,0,0,0,0,0,0,0,0,0,0,0,0,0,0,0,0,0,0,0,0,1
TTDV*102*suit*137*20000*1*0*0*0*小客車*0,0,1,0,0,0,0,0,0,0,0,0,0,0,0,1*0,1,1,0,0,0,0,0,0,0,0*0,0,0,0,0,0*0,1*0,0,0,0,0,0,0,0,0,0,0,0,0,0,0,0,0,0,0,0,0,0,0,0,0,0,0,0,0,0,0
TTDV*102*suit*23*0*1*0*陳信伍律師*0*0*0,0,1,0,0,0,0,0,0,1,1,0,1,0,0,0*1,0,1,1,0,0,0,1,0,1,1*0,0,0,0,1,0*0,1*0,1,0,0,0,0,0,0,0,0,0,0,1,0,0,0,0,0,0,0,0,0,1,0,0,0,0,0,0,0,0
TTDV*102*suit*37*200000*1*0*0*0*0*0,0,1,0,0,0,0,0,0,0,0,0,0,0,0,0*0,0,1,0,0,0,0,0,0,0,0*0,0,0,0,0,0*1,0*0,0,0,0,0,0,0,0,0,0,0,0,0,0,0,0,0,0,0,0,1,0,0,0,0,0,0,0,0,0,0
TTDV*102*suit*38*0*0*葉仲原律師*林漢章律師*0*0*0,0,1,0,0,0,0,1,0,1,1,0,1,0,0,0*0,1,1,1,0,0,0,0,0,0,0*0,0,0,0,0,0*1,0*0,1,0,0,0,0,0,0,0,0,0,0,0,0,0,0,0,0,0,0,0,0,0,0,0,0,0,0,0,0,0
TTDV*102*suit*46*227613*1*邱聰安律師*0*0*0*0,1,1,0,0,0,0,1,0,0,0,0,0,1,1,0*1,1,1,1,0,0,0,0,1,1,1*0,0,0,0,0,0*0,0*0,1,0,0,1,0,0,0,0,0,0,0,0,0,0,0,0,0,0,0,0,0,0,0,0,0,0,0,0,0,0
TTDV*102*suit*71*202800*1*0*0*0*重型機車*0,0,1,0,0,0,1,1,0,0,0,0,0,1,1,0*1,1,1,1,0,0,0,0,1,1,0*0,0,0,0,0,0*1,0*0,1,0,0,0,0,0,0,0,0,0,0,0,0,0,0,0,0,0,0,0,0,0,0,0,0,0,0,0,0,0
TTDV*102*suit*8*0*0*0*0*卡車*卡車*0,0,0,0,0,0,0,0,0,0,0,0,0,0,0,0*0,1,1,1,0,0,0,1,1,0,0*0,0,0,0,0,0*0,0*0,0,0,0,0,0,0,0,0,0,0,0,0,0,0,0,0,0,0,0,0,0,0,0,0,0,0,0,0,0,0
TTDV*102*suit*90*0*0*蕭享華律師*0*0*卡車*0,0,1,0,0,0,0,1,0,1,0,0,0,1,1,0*1,1,1,1,0,0,0,0,1,1,1*0,0,0,0,0,0*0,1*0,1,0,0,1,0,0,0,0,0,0,0,0,0,0,0,0,0,0,0,0,0,1,0,0,0,0,0,0,0,0
TTDV*102*suit*1*275000*1*林政雄律師*王丕衍律師_吳漢成律師*0*0*0,0,1,0,0,0,0,0,0,0,1,0,0,0,0,0*1,0,1,1,0,0,1,0,1,1,0*0,0,0,0,0,0*0,1*0,0,0,0,0,0,0,0,0,0,0,0,0,1,0,0,0,0,1,0,0,0,1,0,0,0,0,0,0,0,0
TTDV*102*suit*7*1370000*1*林政雄律師*吳漢成律師_葉仲原律師_王丕衍律師*0*0*0,0,1,0,0,0,0,0,0,1,0,0,1,0,0,0*1,1,1,1,0,0,1,0,0,1,1*0,0,0,0,0,0*0,1*0,1,0,0,0,0,0,0,0,0,0,0,0,0,0,0,0,0,1,0,0,0,0,0,0,0,0,0,0,0,0
TTDV*102*suit*8*0*0*0*邱聰安律師*0*0*0,1,1,0,0,0,0,1,0,1,1,0,1,0,0,0*0,1,1,1,0,0,0,0,0,1,0*0,0,0,0,0,0*1,0*0,0,0,0,1,0,0,0,0,0,0,0,1,0,0,0,0,0,0,0,0,0,0,0,0,0,0,0,0,0,0
TTDV*103*small*3*23949*1*0*0*小客車*重型機車*0,1,0,0,0,0,0,0,0,0,0,0,0,0,0,0*0,0,1,0,0,0,0,0,0,0,0*0,0,0,0,0,0*0,1*0,0,0,0,0,0,0,0,0,0,0,0,0,0,0,0,0,0,0,0,0,0,0,0,0,0,0,0,0,0,0
TTDV*103*small*5*27013*1*0*0*卡車*0*0,1,0,0,0,0,0,0,0,0,0,0,0,0,0,0*0,0,1,0,1,0,0,0,0,0,0*0,0,0,0,0,0*0,0*0,0,0,0,0,0,0,0,0,0,0,0,1,0,0,0,0,0,0,0,0,0,0,0,0,0,0,0,0,0,0
TTDV*103*summary*20*0*0*0*0*0*0*0,0,0,0,0,0,0,0,0,0,0,0,0,0,0,0*0,1,1,0,0,0,0,0,0,0,0*0,0,0,0,0,0*0,0*0,0,0,0,0,0,0,0,0,0,0,0,0,0,0,0,0,0,0,0,0,0,0,0,0,0,0,0,0,0,0
TTDV*103*summary*23*60000*1*蕭芳芳律師*0*0*0*0,0,1,0,0,0,0,0,0,0,0,0,0,0,0,0*0,1,1,0,0,0,0,0,0,0,0*0,0,0,0,0,0*0,1*0,0,0,0,0,0,0,0,0,0,0,0,0,0,0,0,0,0,0,0,0,0,0,0,0,0,0,0,0,0,0
TTDV*103*small*113*52933*1*0*0*卡車*0*0,1,0,0,0,0,0,0,0,0,0,0,0,0,0,0*0,1,1,1,1,0,0,1,0,0,1*0,0,0,0,0,0*0,1*0,0,0,0,0,0,0,0,0,1,0,0,0,0,0,0,0,0,0,0,0,0,0,0,0,0,0,0,0,0,0
TTDV*103*small*124*39600*1*0*0*卡車*卡車*0,1,0,0,0,0,0,0,0,0,0,0,0,0,0,0*0,0,1,0,0,0,0,0,0,0,0*0,0,0,0,0,0*0,0*0,0,0,0,0,0,0,0,0,0,0,0,0,0,0,0,1,0,0,0,0,0,0,0,0,0,0,0,0,0,0
TTDV*103*small*134*20000*1*0*0*0*0*0,0,1,0,0,0,0,1,0,0,0,0,0,0,0,0*0,0,1,0,0,0,0,0,1,0,0*0,0,0,0,0,0*0,1*0,0,0,0,0,0,0,0,0,0,0,0,0,0,0,0,0,0,0,0,0,0,0,0,0,0,0,0,0,0,0
TTDV*103*small*146*83823*1*0*0*小客車*0*0,1,0,0,0,0,0,0,0,0,0,0,0,0,0,0*0,1,1,0,0,0,0,1,0,0,0*0,0,0,0,0,0*0,1*0,0,0,0,0,0,0,0,0,0,0,0,0,0,0,0,0,0,0,0,0,0,0,0,0,0,0,0,0,0,0
TTDV*103*small*149*9904*1*0*0*小客車*重型機車*0,1,0,0,0,0,0,0,0,0,0,0,0,0,0,0*0,1,1,1,1,0,0,1,0,0,0*0,0,0,0,0,0*0,1*0,1,0,0,0,0,0,0,0,0,0,0,1,0,0,0,0,0,0,0,0,0,0,0,0,0,0,0,0,0,0
TTDV*103*small*151*22452*1*0*0*小客車*卡車*0,1,0,0,0,0,0,0,0,0,0,0,0,0,0,0*0,1,1,1,0,0,0,1,0,0,1*0,0,0,0,1,0*0,1*0,1,0,0,0,0,0,0,0,0,0,0,0,0,0,0,0,0,1,0,1,0,1,0,0,0,0,1,0,0,1
TTDV*103*small*158*7440*1*0*0*小客車*0*0,1,0,0,0,0,0,0,0,0,0,0,0,0,0,0*0,0,1,1,1,0,0,1,0,0,0*0,0,0,0,0,0*0,1*0,1,0,0,0,0,0,0,0,0,0,0,1,0,0,0,0,0,0,0,0,0,0,0,0,0,0,0,0,0,0
TTDV*103*small*159*10226*1*0*0*小客車*卡車*0,1,0,0,0,0,0,0,0,0,0,0,0,0,0,0*0,1,1,1,0,0,0,0,0,0,0*0,0,0,0,0,0*0,1*0,1,0,0,0,0,0,0,0,0,0,0,0,0,0,0,0,0,0,0,0,0,1,0,0,0,0,0,0,0,0
TTDV*103*small*162*40980*1*0*0*小客車*卡車*0,1,0,0,0,0,0,0,0,0,0,0,0,0,0,0*0,1,1,1,0,0,0,0,0,0,0*0,0,0,0,0,0*0,0*0,0,0,0,1,0,0,0,0,0,0,0,0,0,0,0,0,0,1,0,0,0,0,0,0,0,0,0,0,0,0
TTDV*103*small*178*20000*1*0*0*0*0*0,1,1,0,0,0,0,0,0,0,0,0,0,0,0,0*0,0,1,0,0,0,0,0,0,0,0*0,0,0,0,0,0*1,1*0,0,0,0,0,0,0,0,0,0,0,0,0,0,0,0,0,0,0,0,0,0,0,0,0,0,0,0,0,0,0
TTDV*103*small*189*9800*1*0*0*0*小客車*0,1,0,0,0,0,0,0,0,0,0,0,0,0,0,0*0,1,1,1,0,0,0,1,0,0,1*0,0,0,0,0,0*0,1*0,0,0,0,0,0,0,0,0,0,0,0,0,0,0,0,0,0,1,0,0,0,1,0,0,0,0,0,0,0,0
TTDV*103*small*206*14815*1*0*0*小客車*卡車*0,1,0,0,0,0,0,0,0,0,0,0,0,0,0,0*0,1,1,1,0,0,0,0,0,0,1*0,0,0,0,0,0*0,1*0,0,0,0,0,0,0,0,0,0,0,0,0,0,0,0,0,0,0,0,0,0,1,0,0,0,0,0,0,0,0
TTDV*103*small*37*81620*1*0*0*0*小客車*0,1,0,0,0,0,0,0,0,0,0,0,0,0,0,0*0,1,1,0,1,0,0,1,0,0,0*0,0,0,0,0,0*0,1*0,0,0,0,0,0,0,0,0,0,0,0,0,0,0,0,0,0,0,0,0,0,0,0,0,0,0,0,0,0,0
TTDV*103*small*43*0*0*0*0*卡車*卡車*0,0,0,0,0,0,0,0,0,0,0,0,0,0,0,0*0,1,1,0,0,0,0,0,0,0,0*0,0,0,0,0,0*0,0*0,0,0,0,1,0,0,0,0,0,0,0,0,0,0,0,0,0,0,0,0,0,0,0,0,0,0,0,0,0,0
TTDV*103*small*85*25018*1*0*0*0*0*0,1,0,0,0,0,0,0,0,0,0,0,0,0,0,0*0,1,1,1,0,0,0,0,0,0,0*0,0,0,0,0,0*0,1*0,0,0,0,1,0,0,0,0,0,0,0,0,0,0,0,0,0,1,0,0,0,0,0,0,0,0,0,0,1,0
TTDV*103*small*87*55866*1*0*0*小客車*小客車*0,1,0,0,0,0,0,0,0,0,0,0,0,0,0,0*0,0,1,1,0,0,0,0,0,0,0*0,0,0,0,0,0*0,1*0,0,0,0,0,0,0,0,0,0,0,0,0,0,0,0,0,0,0,0,0,0,0,0,0,0,0,0,0,0,0
TTDV*103*small*99*21956*1*0*0*小客車*0*0,1,1,0,0,0,0,0,0,0,0,0,0,0,0,0*0,1,1,0,0,0,0,1,0,0,0*0,0,0,0,0,0*0,1*0,0,0,0,0,0,0,0,0,0,0,0,0,0,0,0,0,0,0,0,0,0,0,0,0,0,0,0,0,0,0
TTDV*103*summary*101*50000*1*林漢章律師_林漢章律師*許仁豪律師*0*0*0,0,1,0,0,0,0,0,0,0,0,0,0,0,1,0*0,1,1,1,0,0,0,0,1,0,1*0,0,0,0,0,0*0,1*0,0,0,0,0,0,0,0,0,0,0,0,0,0,0,0,0,0,0,0,0,0,0,0,0,0,0,0,0,0,0
TTDV*103*summary*154*21000*1*0*0*0*卡車*0,0,1,0,0,0,0,0,0,0,0,0,0,0,0,0*1,1,1,1,0,0,0,0,0,1,0*0,0,0,0,0,0*0,1*0,1,0,0,0,0,0,0,0,0,0,0,0,0,0,0,0,0,0,0,0,0,0,0,0,0,0,0,0,0,0
TTDV*103*summary*287*300000*1*林漢章律師*0*0*卡車*0,0,0,0,0,0,0,0,0,0,0,0,0,0,0,0*0,1,1,1,1,0,0,1,0,0,0*0,0,0,0,0,0*0,1*0,0,0,0,1,0,0,0,0,0,0,0,1,0,0,0,0,0,0,1,0,0,0,0,0,0,0,0,0,0,0
TTDV*103*summary*290*0*0*傅爾洵律師*王舒慧律師*0*小客車*0,0,0,0,0,0,0,0,0,1,0,0,0,0,0,0*0,1,1,0,0,0,0,0,0,0,1*0,0,0,0,0,0*0,0*0,0,0,0,0,0,0,0,0,0,0,0,0,0,0,0,0,0,0,0,0,0,0,0,0,0,0,0,0,0,0
TTDV*103*summary*322*2426*1*0*李容嘉律師*卡車*卡車*0,1,0,0,0,0,1,0,0,0,0,0,0,0,0,0*1,1,1,1,0,0,0,1,1,1,1*0,0,0,0,1,0*0,1*0,1,0,0,1,0,0,0,0,0,0,0,0,0,0,0,0,0,0,0,0,1,1,0,0,0,0,0,0,0,0
TTDV*103*summary*330*264522*1*0*0*0*小客車*0,0,0,1,0,0,0,1,0,0,0,1,0,0,1,0*0,1,1,0,0,0,0,0,1,0,0*0,0,0,0,0,0*1,0*0,0,0,0,0,0,0,0,0,0,0,0,0,0,0,0,0,0,0,0,0,0,0,0,0,0,0,0,0,0,0
TTDV*103*summary*331*194560*1*0*0*卡車*卡車*0,1,0,0,0,0,0,0,0,0,0,0,0,0,0,0*0,1,1,1,0,0,0,0,0,0,0*0,0,0,0,0,0*0,1*0,0,0,0,0,0,0,0,0,0,0,0,0,0,0,0,0,0,0,0,0,0,0,0,0,0,0,0,0,0,0
TTDV*103*summary*358*0*0*0*0*0*小客車*0,1,0,0,0,0,0,1,0,0,0,0,0,0,0,0*0,1,1,0,1,0,0,1,1,0,0*0,0,0,0,0,0*0,1*0,0,0,0,0,0,0,0,0,0,0,0,0,0,0,0,0,1,0,0,0,0,0,0,0,0,0,0,0,0,0
TTDV*103*summary*4*20000*1*0*0*0*0*0,0,1,0,0,0,0,0,0,0,0,0,0,0,0,0*0,1,1,0,0,0,0,0,1,0,0*0,0,0,0,0,0*0,0*0,0,0,0,0,0,0,0,0,0,0,0,0,0,0,0,0,0,0,0,0,0,0,0,0,0,0,0,0,0,0
TTDV*103*summary*52*51847*1*吳漢成律師*李泰宏律師*0*0*0,1,1,0,0,0,1,1,0,0,0,0,0,1,0,0*0,1,1,1,0,0,0,1,1,0,0*0,0,0,0,0,0*0,1*0,0,0,0,1,0,0,0,0,0,0,0,0,0,0,0,0,0,0,0,0,0,0,0,0,0,0,0,0,0,1
TTDV*103*summary*68*0*0*0*0*0*0*0,0,0,0,0,0,0,0,0,0,0,0,0,0,0,0*0,1,1,0,0,0,0,0,0,0,0*0,0,0,0,0,0*0,0*0,0,0,0,0,0,0,0,0,0,0,0,0,0,0,0,0,0,0,0,0,0,0,0,0,0,0,0,0,0,0
TTDV*103*summary*87*229239*1*0*0*0*0*0,1,1,0,0,0,1,1,0,0,0,1,0,0,1,0*1,1,1,1,1,0,0,0,1,1,1*0,0,0,0,1,0*0,1*0,1,0,0,0,0,0,0,0,0,0,0,0,0,0,0,0,0,0,0,0,0,1,0,0,0,0,0,0,0,0
TTDV*103*summary*89*0*0*蕭享華律師*陳信伍律師*0*0*0,0,1,0,0,0,0,0,0,0,1,0,0,0,0,0*0,1,1,0,0,0,0,0,0,0,0*0,0,0,0,0,0*1,0*0,0,0,1,1,0,0,0,0,0,0,0,0,0,0,0,0,0,0,0,0,0,0,0,0,0,0,0,0,0,0
TTDV*103*suit*100*117832*1*0*0*0*0*0,1,1,0,0,0,0,1,0,0,0,0,0,1,0,0*0,1,1,1,0,0,0,0,1,0,1*0,0,0,0,0,1*1,0*0,0,0,0,1,0,0,0,0,0,0,0,0,0,0,0,0,1,0,0,0,0,0,0,0,0,0,0,0,0,0
TTDV*103*suit*104*0*1*林長振律師*0*重型機車*卡車*0,0,1,0,0,0,0,1,1,0,0,1,0,1,1,0*0,1,1,1,1,0,0,0,0,0,0*0,0,0,0,1,0*0,1*0,1,0,0,0,0,0,0,0,0,0,0,0,0,0,0,0,1,1,0,0,0,0,0,0,0,0,1,0,0,1
TTDV*103*suit*11*30000*1*0*蕭芳芳律師*0*0*0,0,1,0,0,0,0,0,0,0,0,0,0,0,0,0*0,1,1,0,0,0,0,0,0,0,0*0,0,0,0,0,0*1,1*0,0,0,0,0,0,0,0,0,0,0,0,0,0,0,0,0,0,0,0,0,0,0,0,0,0,0,0,0,0,0
TTDV*103*suit*121*1141173*1*0*0*0*0*0,0,1,0,0,0,0,1,0,0,0,0,0,0,0,0*0,0,1,1,1,0,0,0,1,0,0*0,0,0,0,0,0*0,1*0,0,0,0,1,0,0,0,0,0,0,0,0,0,0,0,0,0,0,0,0,0,0,0,0,0,0,0,0,0,0
TTDV*103*suit*148*220000*1*0*0*0*0*0,1,1,0,0,0,0,1,0,0,0,0,0,0,0,0*0,1,1,1,0,0,0,0,0,0,1*0,0,0,0,0,0*0,1*0,0,0,0,1,0,0,0,0,0,0,0,1,0,0,0,0,0,0,0,0,0,0,0,0,0,0,0,0,0,0
TTDV*103*suit*150*767234*1*吳漢成律師_葉仲原律師*0*0*小客車*0,0,0,0,0,0,0,0,0,0,0,0,0,0,0,0*0,1,1,0,0,0,0,0,0,0,0*0,0,0,0,0,0*1,0*0,0,0,0,0,0,0,0,0,0,0,0,0,0,0,0,0,0,0,0,0,0,0,0,0,0,0,0,0,0,0
TTDV*103*suit*159*3082146*1*許仁豪律師*邱聰安律師*0*0*0,0,1,0,0,0,0,1,0,0,0,0,0,1,1,0*0,1,1,0,0,0,0,0,1,0,0*0,0,0,0,0,0*0,0*0,0,0,0,0,0,0,0,0,0,0,0,0,0,0,0,0,0,0,0,0,0,0,0,0,0,0,0,0,0,0
TTDV*103*suit*162*761187*1*陳信伍律師*0*0*0*0,0,1,0,0,0,1,1,0,0,0,1,0,1,1,0*0,1,1,1,0,0,0,0,1,0,1*0,0,0,0,1,0*0,1*0,1,0,0,1,0,0,0,0,0,0,0,1,0,0,0,0,0,1,0,0,0,0,0,0,0,0,0,0,0,1
TTDV*103*suit*180*61040*1*0*0*0*卡車*0,1,1,0,0,0,0,0,0,0,0,0,0,1,1,0*0,0,1,1,0,0,0,0,1,0,0*0,0,0,0,0,0*0,1*0,0,0,0,1,0,0,0,0,0,0,0,0,0,0,0,0,0,0,0,0,0,0,0,0,0,0,0,0,0,0
TTDV*103*suit*194*760160*1*李文平律師*0*0*0*0,0,1,0,0,0,0,0,0,1,0,0,1,0,0,0*0,0,1,0,0,0,0,0,0,0,0*0,0,0,0,0,0*0,1*0,0,0,0,0,0,0,0,0,0,0,0,0,0,0,0,0,0,0,0,0,0,0,0,0,0,0,0,0,0,0
TTDV*103*suit*21*0*0*0*陳清華律師*0*0*0,0,1,0,0,0,0,1,0,0,0,1,0,0,1,0*0,1,1,0,0,0,0,0,0,0,0*0,0,0,0,0,0*0,1*0,0,0,0,0,0,0,0,0,0,0,0,0,0,0,0,0,0,0,0,0,0,0,0,0,0,0,0,0,0,0
TTDV*103*suit*29*100000*1*0*王培欣律師*0*0*0,0,1,0,0,0,0,0,0,0,0,0,0,0,0,0*0,1,1,0,0,0,0,0,1,0,0*0,0,0,0,0,0*1,0*0,0,0,0,0,0,0,0,0,0,0,0,0,0,0,0,0,0,0,0,0,0,0,0,0,0,0,0,0,0,0
TTDV*103*suit*56*347638*1*0*0*小客車*小客車*0,1,0,0,0,0,0,0,0,0,0,0,0,0,0,1*1,0,1,1,0,0,0,0,0,0,0*0,0,0,0,0,0*1,0*0,0,0,0,1,0,0,0,0,0,0,0,0,0,0,0,0,1,1,0,0,0,0,0,0,0,0,0,0,0,0
TTDV*103*suit*68*50000*1*0*蕭芳芳律師*0*0*0,0,1,0,0,0,0,0,0,0,0,0,0,0,0,0*0,0,1,0,0,0,0,0,0,0,0*0,0,0,0,0,0*0,1*0,0,0,0,0,0,0,0,0,0,0,0,0,0,0,0,0,0,0,0,0,0,0,0,0,0,0,0,0,0,0
TTDV*103*suit*2*0*0*蕭享華律師*葉仲原律師*0*0*0,0,1,0,0,0,0,1,0,0,0,0,0,0,1,0*1,1,1,1,1,0,1,1,0,1,0*0,0,0,0,0,1*1,0*0,1,0,0,1,0,0,0,0,0,0,0,0,0,0,0,0,0,1,0,0,0,0,0,1,0,1,0,0,0,0
TTDV*103*suit*20*0*0*0*0*0*0*0,0,0,0,0,0,0,1,0,1,1,0,0,1,1,0*0,1,1,0,0,0,0,0,0,0,0*0,0,0,0,0,0*0,1*0,0,0,0,0,0,0,0,0,0,0,0,0,0,0,0,0,0,0,0,0,0,0,0,0,0,0,0,0,0,0
TTDV*103*suit*6*9014547*1*李百律師*0*0*0*0,0,0,0,0,0,0,0,0,0,0,0,0,0,0,0*0,0,1,1,0,0,0,0,0,0,1*0,0,0,0,0,0*0,0*0,0,0,0,0,0,0,0,0,0,0,0,0,0,0,0,0,0,0,0,0,0,0,0,0,0,0,0,0,0,0
TTDV*104*small*1*28223*1*蕭享華律師*0*重型機車*0*0,1,1,0,0,0,0,1,0,1,0,0,0,1,1,0*1,0,1,1,0,0,0,0,1,1,0*0,0,0,0,0,0*0,1*0,0,0,0,0,0,0,0,0,0,0,0,0,0,0,0,0,0,1,0,0,0,0,0,0,0,0,0,0,0,0
TTDV*104*small*2*16386*1*0*0*小客車*0*0,1,0,0,0,0,0,0,0,0,0,0,0,0,0,0*0,0,1,0,1,0,0,0,0,0,0*0,0,0,0,0,0*0,0*0,0,0,0,0,0,0,0,0,0,0,0,1,0,0,0,0,0,1,0,0,0,0,0,0,0,0,0,0,0,0
TTDV*104*small*1*22200*1*0*0*0*0*0,0,1,0,0,0,0,0,0,0,0,0,0,0,0,0*0,1,1,1,0,0,0,0,1,0,0*0,0,0,0,0,0*1,0*0,1,0,0,0,0,0,0,0,0,0,0,0,0,0,0,0,0,0,0,0,0,0,0,0,0,0,0,0,0,0
TTDV*104*small*30*18000*1*0*0*0*0*0,0,0,0,0,0,0,0,0,0,0,0,0,0,0,0*0,1,1,0,0,0,0,0,0,0,0*0,0,0,0,0,0*1,0*0,0,0,0,0,0,0,0,0,0,0,0,0,0,0,0,0,0,0,0,0,0,0,0,0,0,0,0,0,0,0
TTDV*104*small*33*10510*1*0*0*0*0*0,1,0,0,0,0,0,0,0,0,0,0,0,0,0,0*0,1,1,0,0,0,0,1,0,0,0*0,0,0,0,0,0*0,1*0,0,0,0,1,0,0,0,0,0,0,0,0,0,0,0,0,0,0,0,0,0,0,0,0,0,0,0,0,0,0
TTDV*104*summary*129*234000*1*0*0*小客車*小客車*0,0,1,0,0,0,0,0,0,0,0,0,0,0,0,0*1,1,1,1,0,0,1,0,1,1,0*0,0,0,0,1,0*0,1*0,0,0,0,1,0,0,0,0,0,0,0,0,0,0,0,0,1,1,0,0,0,0,0,0,0,0,0,0,0,0
TTDV*104*summary*27*157588*1*0*0*小客車*小客車*0,1,0,0,0,0,0,0,0,0,0,0,0,0,0,0*0,1,1,0,1,0,0,1,0,0,0*0,0,0,0,0,0*0,1*0,0,0,0,0,0,0,0,0,0,0,0,0,0,0,0,0,0,0,0,0,0,0,0,0,0,0,0,0,0,0
TTDV*104*summary*54*14018*1*0*0*0*0*0,0,1,0,0,0,0,0,0,0,0,0,0,0,0,0*1,1,1,1,1,0,0,1,0,1,1*0,0,0,0,0,0*0,1*0,0,0,0,1,0,0,0,0,0,0,0,0,0,0,0,0,1,1,0,0,0,0,0,0,0,0,0,0,0,0
TTDV*104*suit*2*0*0*0*王丕衍律師*0*0*0,0,0,0,0,0,0,0,0,0,0,0,0,0,0,0*0,1,1,0,0,0,0,0,0,0,0*0,0,0,0,0,0*0,1*0,0,0,0,0,0,0,0,0,0,0,0,0,0,0,0,0,0,0,0,0,0,0,0,0,0,0,0,0,0,0
TTDV*88*summary*223*203207*1*0*0*小客車*卡車*0,1,0,0,0,0,0,0,0,0,0,0,0,0,0,0*0,0,1,1,0,0,0,0,0,0,0*0,0,0,0,0,0*0,1*0,0,0,0,0,0,0,0,0,0,0,0,0,0,0,0,0,0,1,0,0,0,0,0,0,0,0,0,0,0,0
TTDV*88*summary*268*0*0*張政衡律師*0*小客車*重型機車*0,1,0,0,0,0,0,0,0,0,0,0,0,0,0,0*1,1,1,1,0,0,0,0,0,0,0*0,0,0,0,0,0*0,1*0,1,0,0,0,0,0,0,0,0,0,0,0,0,0,0,0,1,1,0,0,0,0,0,0,0,0,0,0,0,0
TTDV*88*suit*178*1600000*1*0*0*重型機車*0*0,0,0,0,0,0,0,0,0,0,0,0,0,0,0,0*1,0,1,1,0,0,0,0,1,0,1*0,0,0,0,0,0*0,1*0,0,0,0,1,0,0,0,0,0,0,0,0,0,0,0,0,0,0,0,0,0,0,0,0,0,0,1,0,0,0
TTDV*88*suit*276*0*0*0*0*卡車_小客車*卡車*0,0,1,0,0,0,0,1,0,0,0,0,0,0,0,0*1,0,1,1,0,0,0,0,0,0,0*0,0,0,0,0,0*0,1*0,0,0,0,0,0,0,0,0,0,0,0,0,0,0,0,0,0,0,0,0,0,0,0,0,0,0,0,0,0,0
TTDV*88*suit*32*11383968*1*0*0*0*小客車*0,0,1,0,0,0,1,1,0,0,0,0,0,1,0,0*0,1,1,1,0,0,0,0,1,0,0*0,0,0,0,0,0*0,0*0,0,0,0,0,0,0,0,0,0,0,0,0,0,0,0,0,0,0,0,0,0,0,0,0,0,0,0,0,0,0
TTDV*89*small*112*0*1*0*0*0*卡車*0,0,0,0,0,0,0,0,0,0,0,0,0,0,0,0*0,0,1,0,0,0,0,0,0,0,0*0,0,0,0,0,0*0,0*0,0,0,0,0,0,0,0,0,0,0,0,0,0,0,0,0,0,0,0,0,0,0,0,0,0,0,0,0,0,0
TTDV*89*small*126*0*1*0*0*0*小客車*0,1,0,0,0,0,0,0,0,0,0,0,0,0,0,0*0,0,1,0,0,0,0,1,0,0,0*0,0,0,0,0,0*0,0*0,0,0,0,0,0,0,0,0,0,0,0,0,0,0,0,0,0,0,0,0,0,0,0,0,0,0,0,0,0,0
TTDV*89*small*150*23965*1*0*0*卡車*卡車_小客車*0,1,0,0,0,0,0,0,0,0,0,0,0,0,0,0*0,1,1,0,0,0,0,1,0,0,0*0,0,0,0,0,0*0,1*0,0,0,0,0,0,0,0,0,0,0,0,0,0,0,0,0,0,0,0,0,0,0,0,0,1,0,0,0,0,0
TTDV*89*small*42*4200*1*0*0*0*0*0,0,0,0,0,0,0,0,0,0,0,0,0,0,0,0*0,0,1,0,0,0,0,0,0,0,0*0,0,0,0,0,0*0,0*0,0,0,0,0,0,0,0,0,0,0,0,0,0,0,0,0,0,0,0,0,0,0,0,0,0,0,0,0,0,0
TTDV*89*small*70*27698*1*0*0*營業小客車*卡車*0,1,0,0,0,0,0,0,0,0,0,0,0,0,0,0*0,0,1,0,0,0,0,0,0,0,0*0,0,0,0,0,0*0,1*0,0,0,0,0,0,0,0,0,0,0,0,1,0,0,0,0,0,0,0,0,0,0,0,0,0,0,0,0,0,0
TTDV*89*summary*112*42209*1*0*0*小客車*小客車*0,1,0,0,0,0,0,0,0,0,0,0,0,0,0,0*1,0,1,1,0,0,0,0,0,1,0*0,0,0,0,0,0*0,1*0,0,0,0,0,0,0,0,0,0,0,0,0,0,0,0,0,0,1,0,0,0,0,0,0,0,0,0,0,0,0
TTDV*89*summary*137*165343*1*0*0*大客車*卡車_大客車*0,1,0,0,0,0,0,0,0,0,0,0,0,0,0,0*0,1,1,1,0,0,0,1,1,0,0*0,0,0,0,0,0*0,1*0,1,0,0,0,0,0,0,0,0,0,0,0,0,0,0,0,0,0,0,0,0,0,0,0,0,0,0,0,0,0
TTDV*89*summary*255*98775*1*0*0*0*小客車*0,1,1,1,0,0,0,1,1,0,0,1,0,1,1,0*1,1,1,1,0,0,0,1,1,1,1*0,0,0,0,0,0*0,1*0,0,0,0,1,0,0,0,0,0,0,0,0,0,0,0,0,0,0,0,0,0,0,0,0,0,0,0,0,0,0
TTDV*89*summary*31*260683*1*0*0*小客車*0*0,1,0,0,0,0,0,0,0,0,0,0,0,0,0,0*0,0,1,0,0,0,0,0,1,0,0*0,0,0,0,0,0*0,0*0,0,0,0,0,0,0,0,0,0,0,0,0,0,0,0,0,0,0,0,0,0,0,0,0,0,0,0,0,0,0
TTDV*89*suit*107*1200000*1*0*0*卡車*卡車*0,0,0,0,0,0,0,0,0,0,0,0,0,0,0,0*0,0,1,1,0,0,0,0,0,0,1*0,0,0,0,0,0*0,1*0,0,0,0,0,0,0,0,0,0,0,0,0,0,0,0,0,0,0,0,0,0,0,0,0,0,0,0,0,0,0
TTDV*89*suit*136*1261600*1*0*0*0*0*0,0,0,0,0,0,0,0,0,0,0,0,0,0,0,0*0,1,1,0,0,0,0,0,0,0,0*0,0,0,0,0,0*0,0*0,0,0,0,0,0,0,0,0,0,0,0,0,0,0,0,0,0,0,0,0,0,0,0,0,0,0,0,0,0,0
TTDV*89*suit*163*664250*1*0*吳漢成律師*0*0*0,1,0,0,0,0,0,1,0,0,0,0,0,0,0,0*0,0,1,0,0,0,0,0,1,0,0*0,0,0,0,0,0*0,0*0,0,0,0,0,0,0,0,0,0,0,0,0,0,0,0,0,0,0,0,0,0,0,0,0,0,0,0,0,0,0
TTDV*89*suit*173*1200000*1*0*0*卡車*大客車*0,0,0,0,0,0,0,0,0,0,0,0,0,0,0,0*1,0,1,1,0,0,0,0,0,0,1*0,0,0,0,0,0*0,1*0,1,0,0,0,0,0,0,0,0,0,0,0,0,0,0,0,0,1,0,0,0,0,0,0,0,0,0,0,0,0
TTDV*89*suit*187*1200000*1*0*0*0*小客車*0,0,0,0,0,0,0,0,0,0,0,0,1,0,0,0*0,0,1,1,0,0,0,0,1,0,0*0,0,0,0,0,0*0,0*0,0,0,0,0,0,0,0,0,0,0,0,0,0,0,0,0,0,0,0,0,0,0,0,0,0,0,0,0,0,0
TTDV*89*suit*202*215304*1*0*0*0*小客車*0,0,0,0,0,0,0,0,0,0,0,0,1,0,0,0*0,1,1,1,0,0,0,1,1,0,0*0,0,0,0,0,0*1,1*0,0,0,0,0,0,0,0,0,0,0,0,0,0,0,0,0,0,0,0,0,0,0,0,0,0,0,0,0,0,0
TTDV*89*suit*207*602996*1*0*0*0*0*1,1,0,0,0,0,0,1,0,0,0,0,0,0,0,0*1,0,1,1,0,0,0,1,1,1,0*0,0,0,0,0,0*0,0*0,0,0,0,1,1,0,0,0,0,0,0,0,0,0,0,0,0,1,0,0,0,1,0,0,0,0,0,0,0,0
TTDV*89*suit*246*1500000*1*0*0*0*0*0,0,1,0,0,0,0,1,0,0,0,0,0,1,0,0*0,1,1,1,0,0,0,0,1,0,1*0,0,0,0,0,0*1,0*0,0,0,0,1,0,0,0,0,0,0,0,0,0,0,0,0,0,0,0,0,0,0,0,0,0,0,0,0,0,0
TTDV*89*suit*251*742128*1*0*0*0*0*0,0,1,0,0,0,0,0,0,1,1,0,1,0,0,0*0,0,1,1,0,0,0,0,0,0,1*0,0,0,0,0,0*1,0*0,0,0,0,0,0,0,0,0,0,0,0,0,0,0,0,0,0,0,0,0,0,0,0,0,0,0,0,0,0,0
TTDV*89*suit*31*1200700*1*0*0*小客車*0*0,0,0,0,0,0,0,0,0,0,0,0,0,0,0,0*0,0,1,0,0,0,0,1,1,0,0*0,0,0,0,0,0*0,0*0,0,0,0,0,0,0,0,0,0,0,1,0,0,0,0,0,0,0,0,0,0,0,0,0,0,0,0,0,0,0
TTDV*89*suit*38*441264*1*0*0*小客車*0*0,0,0,0,0,0,0,1,0,0,0,0,0,1,0,0*0,0,1,0,0,0,0,0,1,0,0*0,0,0,0,0,0*0,1*0,0,0,0,0,0,0,0,0,0,0,0,0,0,0,0,0,0,0,0,0,0,0,0,0,0,0,0,0,0,0
TTDV*89*suit*9*195936*1*蕭芳芳律師*0*0*大客車*0,0,0,0,0,0,1,1,0,0,0,1,0,1,0,0*0,1,1,0,0,0,0,0,1,0,0*0,0,0,0,0,0*0,0*0,0,0,0,0,0,0,0,0,0,0,0,0,0,0,0,0,0,0,0,0,0,0,0,0,0,0,0,0,0,0
TTDV*89*suit*94*881234*1*李泰宏律師*郭重鑾律師*0*小客車*0,0,1,0,0,0,0,1,0,0,0,0,0,1,1,0*1,1,1,1,0,0,0,0,1,1,1*0,0,0,0,0,0*0,1*0,0,0,0,1,0,0,0,0,0,0,0,0,0,0,0,0,1,1,0,0,0,0,0,0,0,0,0,0,0,0
TTDV*89*suit*1*1065817*1*0*0*0*0*0,0,1,0,0,0,0,0,0,0,1,0,1,0,0,0*0,1,1,0,0,0,0,0,0,0,0*0,0,0,0,0,0*1,0*0,0,0,0,0,0,0,0,0,0,0,0,0,0,0,0,0,0,0,0,0,0,0,0,0,0,0,0,0,0,0
TTDV*90*insurance*10*600000*1*0*0*0*小客車*0,0,0,0,0,0,0,0,0,0,0,0,0,0,0,0*0,1,1,0,0,0,0,0,1,0,0*0,0,0,0,0,0*1,1*0,0,0,0,0,1,0,0,0,0,0,0,0,0,0,0,0,0,0,0,0,0,0,0,0,0,0,0,0,0,0
TTDV*90*insurance*6*0*0*0*0*0*小客車*0,0,0,0,0,0,0,0,0,0,0,0,0,0,0,0*0,1,1,0,0,0,0,0,1,0,0*0,0,0,0,0,0*1,0*0,0,0,0,0,0,0,0,0,0,0,0,0,0,0,0,0,0,1,0,0,0,0,0,0,0,0,0,0,0,0
TTDV*90*summary*17*44280*1*0*0*0*0*0,1,0,0,0,0,0,0,0,0,0,0,0,0,0,0*0,1,1,0,0,0,0,0,0,0,0*0,0,0,0,0,0*0,0*0,0,0,0,0,0,0,0,0,0,0,0,0,0,0,0,0,0,0,0,0,0,0,0,0,0,0,0,0,0,0
TTDV*90*insurance*4*0*0*0*0*小客車*小客車*0,1,0,0,0,0,0,0,0,0,0,0,0,0,0,0*1,1,1,1,0,0,0,1,0,0,0*0,0,0,0,0,0*0,1*0,0,0,0,0,1,0,0,0,0,0,0,0,0,0,0,0,0,0,0,0,0,0,0,0,0,0,0,0,0,0
TTDV*90*small*150*49933*1*0*0*小客車*小客車*0,1,0,0,0,0,0,0,0,0,0,0,0,0,0,0*1,0,1,1,0,0,0,1,0,1,0*0,0,0,0,0,0*0,1*0,1,0,0,1,0,0,0,0,0,0,0,0,0,0,0,0,0,1,0,0,0,0,0,0,1,0,0,0,0,0
TTDV*90*small*52*23605*1*0*0*0*0*0,1,0,0,0,0,0,0,0,0,0,0,0,0,0,0*1,0,1,1,0,0,0,1,0,1,0*0,0,0,0,0,0*0,1*0,0,0,0,0,0,0,0,0,0,0,0,0,0,0,0,0,1,1,0,0,0,0,0,0,0,0,0,0,0,0
TTDV*90*small*65*33216*1*0*0*小客車*0*0,1,0,0,0,0,0,0,0,0,0,0,0,0,0,0*1,0,1,0,0,0,0,0,0,0,0*0,0,0,0,0,0*0,0*0,0,0,0,1,0,0,0,0,0,0,0,0,0,0,0,0,0,1,0,0,0,0,0,0,0,0,0,0,0,0
TTDV*90*small*91*90000*1*0*0*0*小客車*0,0,0,0,0,0,0,0,0,0,0,0,0,0,0,0*0,1,1,0,0,0,0,0,1,0,0*0,0,0,0,0,0*0,0*0,0,0,0,1,0,0,0,0,0,0,0,0,0,0,0,0,0,0,0,0,0,0,0,0,0,0,0,0,0,0
TTDV*90*summary*160*60779*1*0*0*小客車*0*0,1,0,0,0,0,0,0,0,0,0,0,0,0,0,0*0,0,1,0,0,0,0,0,0,0,0*0,0,0,0,0,0*0,0*0,0,0,0,0,0,0,0,0,0,0,0,0,0,0,0,0,0,0,0,0,0,0,0,0,0,0,0,0,0,0
TTDV*90*summary*161*95591*1*0*0*0*0*0,1,0,0,0,0,0,0,0,0,0,0,0,0,0,0*1,0,1,1,0,0,0,0,0,1,0*0,0,0,0,0,0*0,0*0,1,0,0,0,0,0,0,0,0,0,0,0,0,0,0,0,0,1,0,0,0,0,0,0,0,0,0,0,0,0
TTDV*90*summary*215*0*0*0*0*0*0*0,0,0,0,0,0,0,0,0,0,0,0,0,0,0,0*0,1,1,0,0,0,0,0,0,0,0*0,0,0,0,0,0*0,0*0,0,0,0,0,0,0,0,0,0,0,0,0,0,0,0,0,0,0,0,0,0,0,0,0,0,0,0,0,0,0
TTDV*90*summary*248*4500*1*0*0*0*小客車*0,1,0,0,0,0,0,0,0,0,0,0,0,0,0,0*0,0,1,1,0,0,0,0,1,0,1*0,0,0,0,1,0*0,1*0,1,0,0,0,0,0,0,0,0,0,0,0,0,0,0,0,0,1,0,0,0,0,0,0,0,0,0,0,0,1
TTDV*90*summary*251*198763*1*0*0*0*0*1,1,0,0,0,0,0,0,0,0,0,0,0,0,0,0*0,1,1,0,0,0,0,0,1,1,0*0,0,0,0,0,0*0,0*0,1,0,0,0,0,0,0,0,0,0,0,0,0,0,0,0,0,1,0,0,0,0,0,0,0,0,0,0,0,0
TTDV*90*summary*254*47145*1*0*0*大客車*卡車*0,1,0,0,0,0,0,0,0,0,0,0,0,0,0,0*0,1,1,0,0,0,0,1,0,0,0*0,0,0,0,0,0*0,1*0,0,0,0,0,0,0,0,0,0,0,0,0,0,0,0,0,0,0,0,0,0,0,0,0,0,0,0,0,0,0
TTDV*90*summary*310*106221*1*0*0*小客車*卡車_小客車*0,1,0,0,0,0,0,0,0,0,0,0,0,0,0,0*1,0,1,1,0,0,0,1,0,1,1*0,0,0,0,0,0*0,1*0,1,0,0,0,0,0,0,0,0,0,0,0,0,0,0,0,0,0,0,0,0,0,0,0,0,0,0,0,0,0
TTDV*90*summary*311*114348*1*0*0*0*0*0,0,1,0,0,0,0,1,0,0,0,0,0,1,0,0*0,1,1,0,0,0,0,0,0,0,0*0,0,0,0,0,0*0,1*0,0,0,0,0,0,0,0,0,0,0,0,0,0,0,0,0,0,0,0,0,0,0,0,0,0,0,0,0,0,0
TTDV*90*summary*76*24500*1*0*0*0*小客車*0,0,0,0,0,0,0,0,0,0,0,0,0,0,0,0*0,0,1,1,0,0,0,0,0,0,1*0,0,0,0,0,0*0,1*0,0,0,0,1,0,0,0,0,0,0,0,0,0,0,0,0,0,1,0,0,0,0,0,0,0,0,0,0,0,0
TTDV*90*suit*103*0*1*0*0*0*卡車*0,0,1,0,0,0,0,0,0,0,1,0,0,0,0,0*0,1,1,1,0,0,0,0,0,0,1*0,0,0,0,0,0*0,1*0,0,0,0,0,0,0,0,0,0,0,0,0,0,0,0,0,1,0,0,0,0,0,0,0,0,1,0,0,0,0
TTDV*90*suit*136*0*1*蘇建榮律師*0*重型機車*0*0,0,1,0,0,0,1,1,0,0,0,0,0,1,0,0*1,1,1,1,0,0,0,1,1,0,0*0,0,0,0,0,0*0,1*0,0,0,0,1,0,0,0,0,0,0,0,0,0,0,0,0,0,0,0,0,0,0,0,0,0,0,0,0,0,0
TTDV*90*suit*188*460078*1*0*吳漢成律師*0*0*0,1,0,0,0,0,0,0,0,0,0,0,0,0,0,0*1,1,1,1,0,0,0,1,0,1,1*0,0,0,0,0,0*0,1*0,0,0,0,1,0,0,0,0,0,0,0,1,0,0,0,0,1,0,0,0,0,0,0,0,0,0,0,0,0,0
TTDV*90*suit*219*0*0*0*0*0*0*0,0,1,0,0,0,0,0,0,0,1,0,1,0,0,0*1,1,1,1,0,0,0,1,1,0,1*0,0,0,0,0,0*0,1*0,1,0,0,1,0,0,0,1,0,0,0,0,0,0,0,0,1,0,0,0,0,0,0,0,0,1,0,0,0,0
TTDV*90*suit*87*195704*1*李百峰律師_李百峰律師*張政衡律師*0*小客車*0,0,1,0,0,0,0,1,0,0,0,1,0,0,0,0*1,1,1,1,0,0,0,1,1,1,1*0,0,0,0,0,0*1,1*0,1,0,0,1,0,0,0,0,0,0,0,0,0,0,0,0,0,0,0,0,0,1,0,0,0,0,0,0,0,0
TTDV*90*suit*23*2282341*1*0*0*0*小客車*0,0,1,0,0,0,0,1,0,0,0,0,0,1,1,0*1,1,1,1,0,0,0,1,1,1,1*0,0,0,0,0,0*0,1*0,1,0,0,1,0,0,0,0,0,0,0,0,0,0,0,0,0,1,0,0,0,0,0,0,0,0,0,0,0,0
TTDV*91*small*14*6022*1*0*0*小客車*卡車*0,1,0,0,0,0,0,0,0,0,0,0,0,0,0,0*0,0,1,0,0,1,0,0,0,0,0*0,0,0,0,0,0*0,1*0,0,0,0,0,0,0,0,0,0,0,0,0,0,0,0,0,0,0,0,0,0,1,0,0,0,0,0,0,0,0
TTDV*91*small*75*0*0*0*0*0*卡車*0,0,0,0,0,0,0,0,0,0,0,0,0,0,0,0*0,1,1,0,0,0,0,0,0,0,0*0,0,0,0,0,0*0,0*0,0,0,0,0,0,0,0,0,0,0,0,0,0,0,0,0,0,0,0,0,0,0,0,0,0,0,0,0,0,0
TTDV*91*summary*138*20646*1*0*0*小客車*小客車*0,1,1,0,0,0,0,0,0,0,0,0,0,0,0,0*1,1,1,1,0,0,0,1,0,1,0*0,0,0,0,0,0*0,0*0,1,0,0,0,0,0,0,0,0,0,0,0,0,0,0,0,1,1,0,0,0,0,0,0,0,0,0,0,0,0
TTDV*91*suit*110*802149*1*蘇建榮律師_邱聰安律師*吳漢成律師*0*0*0,0,1,0,0,0,0,1,0,0,0,0,0,1,1,0*1,1,1,1,0,0,0,1,1,1,1*0,0,0,0,0,0*1,0*0,1,0,0,1,0,0,0,0,0,0,0,0,0,0,0,0,0,0,0,0,0,0,0,0,0,0,0,0,0,0
TTDV*91*suit*171*67315*1*0*0*0*0*0,1,1,0,0,0,1,1,0,0,0,1,0,1,1,0*1,1,1,1,0,0,0,0,1,1,1*0,0,0,0,0,0*0,1*0,0,0,0,0,0,0,0,0,0,0,0,0,0,0,0,0,1,0,0,0,0,0,0,0,0,0,0,0,0,0
TTDV*91*suit*182*0*0*0*0*重型機車*小客車*0,0,0,0,0,0,0,0,0,0,0,0,0,0,0,0*0,0,1,0,0,0,0,0,0,0,0*0,0,0,0,0,0*0,0*0,0,0,0,0,0,0,0,0,0,0,0,0,0,0,0,0,0,0,0,0,0,0,0,0,0,0,0,0,0,0
TTDV*91*suit*212*770000*1*0*陳信伍律師*重型機車*小客車*0,0,1,0,0,0,0,0,0,0,0,0,0,0,0,0*1,1,1,1,0,0,0,1,1,1,1*0,0,0,0,0,0*0,0*0,0,0,0,1,0,0,0,0,0,0,0,0,0,0,0,0,1,1,0,0,0,0,0,0,0,0,0,0,0,1
TTDV*92*suit*126*0*0*0*0*0*小客車*0,0,0,0,0,0,0,0,0,0,0,0,0,0,0,0*0,1,1,0,0,0,0,1,1,1,0*0,0,0,0,0,0*0,0*0,0,0,0,0,0,0,0,0,0,0,0,0,0,0,0,0,0,0,0,0,0,0,0,0,0,0,0,0,0,0
TTDV*92*suit*129*600000*1*王丕衍律師*李百律師*0*卡車*0,0,1,0,0,0,0,1,0,0,0,0,0,0,1,0*1,1,1,1,0,0,0,0,1,1,1*0,0,0,0,0,0*0,1*0,1,0,0,0,0,0,0,0,0,0,0,0,0,0,0,0,1,1,0,0,0,0,0,0,0,0,0,0,0,0
TTDV*92*suit*135*0*0*0*0*0*小客車*0,0,0,0,0,0,0,0,0,0,0,0,0,0,0,0*0,1,1,0,0,0,0,1,0,1,0*0,0,0,0,0,0*0,0*0,0,0,0,0,0,0,0,0,0,0,0,0,0,0,0,0,0,0,0,0,0,0,0,0,0,0,0,0,0,0
TTDV*92*suit*152*1247000*1*0*0*小客車*0*0,0,1,0,0,0,0,0,0,1,1,0,1,0,0,0*0,0,1,1,0,0,0,1,1,0,0*0,0,0,0,0,0*0,1*0,1,0,0,0,0,0,0,0,0,0,0,0,0,0,0,0,0,0,0,0,0,0,0,0,0,0,0,0,0,0
TTDV*92*suit*153*200760*1*0*0*0*0*0,0,1,0,0,0,0,1,0,0,0,0,0,1,0,0*1,1,1,1,0,0,0,1,1,1,1*0,1,0,0,0,0*1,1*0,1,0,0,0,0,0,0,0,0,0,0,0,0,0,0,1,1,1,0,0,0,0,0,1,0,0,0,0,0,0
TTDV*92*suit*3*0*0*0*吳漢成律師*0*0*0,0,0,0,0,0,0,0,0,0,0,0,0,0,0,0*0,1,1,0,0,0,0,0,0,0,0*0,0,0,0,0,0*0,1*0,0,0,0,0,0,0,0,0,0,0,0,0,0,0,0,0,0,0,0,0,0,0,0,0,0,0,0,0,0,0
TTDV*92*suit*40*600000*1*0*王丕衍律師*0*0*0,0,0,0,0,0,0,0,0,0,0,0,0,0,0,0*0,1,1,1,0,0,0,0,1,0,0*0,0,0,0,0,0*0,0*0,0,0,0,0,0,0,0,0,0,0,0,0,0,0,0,0,0,0,0,0,0,0,0,0,0,0,0,0,0,0
TTDV*92*suit*50*0*0*吳漢成律師*邱聰安律師*0*小客車*0,0,1,0,0,0,0,1,0,0,0,0,0,1,0,1*1,1,1,1,0,0,0,1,1,1,1*0,0,0,0,0,0*0,1*0,0,0,0,1,0,0,0,0,0,0,0,0,1,0,0,0,1,1,0,0,0,0,0,0,0,0,0,0,0,0
TTDV*92*suit*85*1400000*1*0*0*0*0*0,0,1,0,0,0,0,1,0,1,1,0,1,0,0,0*0,1,1,0,0,0,0,0,1,0,0*0,0,0,0,0,0*0,0*0,0,0,0,0,0,0,0,0,0,0,0,0,0,0,0,0,0,0,0,0,0,0,0,0,0,0,0,0,0,0
TTDV*92*suit*41*2469606*1*吳漢成律師*邱聰安律師*0*0*0,0,1,0,0,0,0,0,0,0,0,0,0,1,1,0*1,1,1,1,0,0,0,1,1,1,0*0,0,0,0,0,0*0,1*0,1,0,0,1,0,0,0,0,0,0,0,0,0,0,0,0,0,1,0,0,0,0,0,0,0,0,0,0,0,0
TTDV*92*suit*48*2655394*1*邱聰安律師*吳漢成律師*0*0*0,0,1,0,0,0,0,1,0,0,0,0,0,1,1,0*0,1,1,1,0,0,0,1,1,0,1*0,0,0,0,0,0*0,1*0,1,0,0,1,0,0,0,0,0,0,0,1,0,0,0,0,0,0,0,0,0,1,0,0,0,0,0,0,0,1
TTDV*93*small*63*82268*1*0*0*小客車*卡車*0,1,0,0,0,0,0,0,0,0,0,0,0,0,0,0*0,1,1,1,0,0,0,1,1,0,1*0,0,0,0,1,0*0,1*0,1,0,0,0,0,0,0,0,0,0,0,1,0,0,0,0,0,1,0,0,0,0,0,0,0,0,0,0,0,0
TTDV*93*summary*33*122312*1*0*0*重型機車*0*0,1,1,0,0,0,0,1,0,0,0,0,0,0,0,0*1,1,1,1,0,0,0,0,0,1,0*0,0,0,0,0,0*0,1*0,1,0,0,0,0,0,0,0,0,0,0,0,0,0,0,0,0,0,0,0,0,0,0,0,0,0,0,0,0,0
TTDV*93*small*338*26497*1*0*0*小客車*卡車*0,1,0,0,0,0,0,0,0,0,0,0,0,0,0,0*0,0,1,1,0,0,0,0,0,0,1*0,0,0,0,1,0*0,1*0,0,0,0,0,0,0,0,0,0,0,0,0,0,0,0,0,0,0,0,0,0,0,0,0,0,0,0,0,0,0
TTDV*93*small*384*35184*1*0*0*小客車*小客車*0,1,0,0,0,0,0,0,0,0,0,0,0,0,0,0*0,1,1,1,0,0,0,0,0,0,0*0,0,0,0,0,0*0,1*0,1,0,0,0,0,0,0,0,0,0,0,1,0,0,0,0,0,0,0,0,0,0,0,0,0,0,0,0,0,0
TTDV*93*small*94*33930*1*0*0*小客車*小客車*0,1,0,0,0,0,0,0,0,0,0,0,0,0,0,0*0,0,1,0,0,0,0,0,0,0,0*0,0,0,0,0,0*0,1*0,0,0,0,0,0,0,0,0,0,0,0,0,0,0,0,0,0,0,0,0,0,0,0,0,0,0,0,0,0,0
TTDV*93*summary*168*65333*1*0*0*0*0*0,0,0,0,0,0,0,0,0,0,0,0,0,0,0,0*0,1,1,1,0,0,0,0,0,0,0*0,0,0,0,0,0*0,0*0,0,0,0,0,0,0,0,0,0,0,0,0,0,0,0,0,0,0,0,0,0,0,0,0,0,0,0,0,0,0
TTDV*93*summary*170*0*0*0*邱聰安律師*0*0*0,0,0,0,0,0,0,0,0,0,0,0,0,0,0,0*0,1,1,0,0,0,0,0,0,0,0*0,0,0,0,0,0*1,0*0,0,0,0,0,0,0,0,0,0,0,0,0,0,0,0,0,0,0,0,0,0,0,0,0,0,0,0,0,0,0
TTDV*93*summary*191*120269*1*0*0*0*小客車*0,1,0,0,0,0,0,0,0,0,0,0,0,0,0,0*0,1,1,1,0,0,0,0,0,0,0*0,0,0,0,0,0*1,0*0,1,0,1,0,0,0,0,0,0,0,0,0,1,0,0,0,0,1,0,0,0,0,0,0,0,0,0,0,0,0
TTDV*93*summary*283*45495*1*張政衡律師*0*0*0*0,1,0,0,0,0,0,0,0,0,0,0,0,0,0,0*0,0,1,1,0,0,0,0,0,0,0*0,0,0,0,0,0*0,1*0,0,0,0,1,1,0,0,0,0,0,0,0,0,0,0,0,0,0,0,0,0,1,0,0,0,0,0,0,0,0
TTDV*93*suit*118*228740*1*0*0*0*0*0,1,1,0,0,0,0,1,0,0,0,0,0,1,0,0*0,1,1,1,0,0,0,1,1,1,0*0,0,0,0,0,0*0,0*0,1,0,0,0,0,0,0,0,0,0,0,1,0,0,0,0,0,1,0,0,0,0,0,0,0,0,0,0,0,0
TTDV*93*suit*137*100563*1*0*0*0*0*0,1,1,0,0,0,0,1,0,0,0,1,0,1,0,0*1,0,1,1,0,0,0,1,1,1,0*0,0,0,0,0,0*1,1*0,0,0,0,0,0,0,0,0,0,0,1,0,0,0,0,0,1,1,0,0,0,1,0,0,0,0,0,0,0,0
TTDV*93*suit*29*389592*1*0*0*0*0*0,1,1,0,0,0,1,1,0,0,0,1,0,1,1,0*1,0,1,1,0,0,0,1,1,1,1*0,0,0,0,0,0*1,0*0,1,0,0,0,0,0,0,0,0,0,0,0,0,0,0,0,0,1,0,0,0,0,0,0,0,0,0,0,0,0
TTDV*93*suit*54*0*0*0*0*0*0*0,0,0,0,0,0,0,0,0,0,0,0,0,0,0,0*0,0,1,0,0,0,0,0,1,0,0*0,0,0,0,0,0*0,0*0,0,0,0,0,0,0,0,0,0,0,0,0,0,0,0,0,0,0,0,0,0,0,0,0,0,0,0,0,0,0
TTDV*93*suit*59*75679*1*0*劉輝瑞律師*0*0*0,0,1,0,0,0,1,1,0,0,0,1,0,0,1,0*1,1,1,1,0,0,0,1,1,1,1*0,0,0,0,1,0*0,1*0,1,0,0,1,0,0,0,0,0,0,0,1,0,0,0,0,0,0,0,0,0,1,0,0,0,0,0,0,0,1
TTDV*93*suit*70*409860*1*0*0*0*小客車*0,0,1,0,0,0,0,1,0,0,0,0,0,1,0,0*0,0,1,1,0,0,0,1,1,0,1*0,0,0,0,0,0*0,1*0,0,0,0,0,0,0,0,0,0,0,0,0,0,0,0,0,0,0,0,0,0,0,0,0,0,0,0,0,0,0
TTDV*93*suit*82*320000*1*0*張政衡律師*小客車*0*0,0,0,0,0,0,0,0,0,0,0,0,0,0,0,0*0,1,1,1,0,0,0,0,0,0,0*0,0,0,0,0,0*0,0*0,0,0,0,0,0,0,0,0,0,0,0,1,0,0,0,0,0,0,0,0,0,0,0,0,0,0,0,0,0,0
TTDV*93*suit*89*153520*1*0*0*0*0*0,1,1,0,0,0,0,1,0,0,0,1,0,1,0,0*1,1,1,1,0,0,0,0,1,1,1*0,0,0,0,0,0*1,1*0,0,0,0,1,0,0,0,0,0,0,0,0,0,0,0,0,0,0,0,0,0,0,0,0,0,0,0,0,0,1
TTDV*93*suit*15*0*0*邱聰安律師*李泰宏律師*重型機車*0*0,0,1,0,0,0,0,0,0,0,1,0,1,0,0,0*0,0,1,1,0,0,0,1,0,0,0*0,1,0,0,0,0*0,1*0,0,0,0,1,0,0,0,0,0,0,0,0,0,0,0,1,0,0,0,0,0,0,0,0,0,0,0,0,0,0
TTDV*94*small*169*29633*1*0*0*0*0*0,1,0,0,0,0,0,0,0,0,0,0,0,0,0,0*0,1,1,1,0,0,0,0,0,0,0*0,0,0,0,1,0*0,1*0,1,0,0,0,0,0,0,0,0,0,0,0,0,0,0,0,0,0,0,0,0,0,0,0,0,0,0,0,0,0
TTDV*94*small*234*5941*1*0*0*小客車*小客車*0,1,0,0,0,0,0,0,0,0,0,0,0,0,0,0*0,1,1,1,0,0,0,0,0,0,0*0,0,0,0,0,0*0,1*0,0,0,0,0,0,0,0,0,0,0,0,0,0,0,0,0,0,0,0,0,0,1,0,0,0,0,0,0,0,0
TTDV*94*small*33*27304*1*0*0*小客車*小客車*0,1,0,0,0,0,0,0,0,0,0,0,0,0,0,0*0,1,1,1,0,0,0,0,0,0,0*0,0,0,0,0,0*0,1*0,0,0,0,1,0,0,0,0,0,0,0,0,0,0,0,0,0,0,0,0,0,0,0,0,0,0,0,0,0,0
TTDV*94*small*358*71477*1*0*0*0*0*0,1,0,0,0,0,0,0,0,0,0,0,0,0,0,0*0,1,1,1,1,0,0,0,0,0,0*0,0,0,0,0,0*0,1*0,0,0,0,1,1,0,0,0,0,0,0,0,0,0,0,0,0,0,0,0,0,0,0,0,0,0,0,0,0,0
TTDV*94*small*387*40381*1*0*0*0*小客車*0,1,0,0,0,0,0,0,0,0,0,0,0,0,0,0*0,1,1,1,0,0,0,0,0,0,0*0,0,0,0,0,0*0,1*0,0,0,0,1,0,0,0,0,0,0,0,0,0,0,0,0,0,0,0,0,0,0,0,0,0,0,0,0,0,0
TTDV*94*small*68*0*0*0*0*0*重型機車*0,0,0,0,0,0,0,0,0,0,0,0,0,0,0,0*0,0,1,0,0,0,0,0,0,0,0*0,0,0,0,0,0*0,0*0,0,0,0,0,0,0,0,0,0,0,0,0,0,0,0,0,0,0,0,0,0,0,0,0,0,0,0,0,0,0
TTDV*94*summary*255*184035*1*0*0*0*0*0,0,1,0,0,0,1,1,1,0,0,1,0,1,0,0*0,1,1,1,0,0,0,0,1,0,0*0,0,0,0,0,0*1,0*0,0,0,0,0,0,0,0,0,0,0,0,0,0,0,0,0,0,0,0,0,0,0,0,0,0,0,0,0,0,0
TTDV*94*summary*283*97874*1*0*0*重型機車*小客車*0,1,1,1,0,0,0,1,0,0,0,1,0,1,1,0*1,1,1,1,0,0,0,0,1,1,1*0,0,0,0,1,0*0,1*0,0,0,0,1,0,0,0,0,0,0,0,0,0,0,0,0,1,1,0,0,0,0,0,1,0,0,0,0,0,0
TTDV*94*summary*301*126000*1*0*0*0*重型機車*0,0,0,0,0,0,0,0,0,0,0,0,0,0,0,0*0,0,1,1,0,0,0,0,1,0,0*0,0,0,0,0,0*1,0*0,1,0,0,0,0,0,0,0,0,0,0,0,0,0,0,0,0,0,0,0,0,0,0,0,0,0,0,0,0,0
TTDV*94*summary*61*88990*1*0*0*小客車*小客車*0,1,0,0,0,0,0,0,0,0,0,0,0,0,0,1*0,0,1,0,0,0,0,0,0,0,0*0,0,0,0,0,0*1,1*0,0,0,0,0,0,0,0,0,0,0,0,0,0,0,0,0,0,1,0,0,0,0,0,0,0,0,0,0,0,0
TTDV*94*suit*108*2006887*1*邱聰安律師*王丕衍律師*0*0*0,0,1,0,0,0,0,1,0,1,0,0,0,1,1,0*0,1,1,1,0,0,0,0,0,0,1*0,0,0,0,1,0*0,1*0,0,0,0,0,0,0,0,0,0,0,0,1,0,0,0,0,0,0,0,0,0,0,0,0,0,0,0,0,0,0
TTDV*94*suit*179*28175*1*0*0*0*0*0,0,1,0,0,0,1,0,0,0,0,0,0,1,0,0*0,1,1,0,0,0,0,0,1,0,0*0,0,0,0,0,0*1,1*0,0,0,0,0,0,0,0,0,0,0,0,0,0,0,0,0,0,0,0,0,0,0,0,0,0,0,0,0,0,0
TTDV*94*suit*192*51415*1*林長振律師*吳漢成律師*0*小客車*0,0,1,0,0,0,0,0,0,1,1,0,1,0,0,0*1,1,1,1,0,0,0,1,1,1,0*0,1,0,0,0,0*1,0*0,1,0,0,1,0,0,0,0,0,0,0,0,0,0,0,1,1,1,0,0,0,0,0,1,0,0,0,0,0,0
TTDV*94*suit*22*1816280*1*邱聰安律師*0*0*0*0,0,1,0,0,0,0,1,0,0,0,0,0,1,1,0*0,0,1,0,0,0,0,0,1,0,0*0,0,0,0,0,0*0,1*0,0,0,0,0,0,0,0,0,0,0,0,0,0,0,0,0,0,0,0,0,0,0,1,0,0,0,0,0,0,0
TTDV*94*suit*3*776745*1*0*0*0*0*0,0,1,0,0,0,0,1,0,0,0,0,0,1,0,0*0,1,1,0,0,0,0,0,1,0,0*0,0,0,0,0,0*1,0*0,0,0,0,0,0,0,0,0,0,0,0,0,0,0,0,0,0,0,0,0,0,0,0,0,0,0,0,0,0,0
TTDV*94*suit*34*0*0*0*郭重鑾律師*0*0*0,0,0,0,0,0,0,1,1,0,0,1,0,1,1,0*0,1,1,1,0,0,0,0,1,0,0*0,0,0,0,0,0*0,0*0,0,0,0,0,0,0,0,0,0,0,0,0,0,0,0,0,0,0,0,0,0,0,0,0,0,0,0,0,0,0
TTDV*94*suit*36*208741*1*蘇建榮律師*張政衡律師*0*小客車*0,1,1,0,0,0,0,1,0,0,0,1,0,1,1,0*1,1,1,1,0,0,0,1,1,1,1*0,0,0,0,0,0*0,1*0,0,0,0,0,0,0,0,0,0,0,0,0,0,0,0,0,0,0,0,0,0,0,0,0,0,0,0,0,0,0
TTDV*94*suit*57*1300485*1*0*0*0*0*0,0,1,0,0,0,0,1,0,1,0,0,1,0,0,0*0,1,1,0,0,0,0,0,0,0,0*0,0,0,0,0,0*1,1*0,0,0,0,0,0,0,0,0,0,0,0,0,0,0,0,0,0,0,0,0,0,0,0,0,0,0,0,0,0,0
TTDV*94*suit*82*902603*1*劉輝瑞律師*0*0*0*0,0,1,0,0,0,0,0,0,0,1,0,0,0,0,0*1,1,1,1,0,0,0,0,1,1,1*0,0,0,0,0,1*0,0*0,1,0,0,1,0,0,0,0,0,0,0,0,0,0,0,0,0,0,0,0,0,0,0,1,0,0,0,0,0,0
TTDV*94*suit*97*691796*1*0*0*重型機車*0*0,0,1,0,0,0,0,1,0,0,0,1,0,0,1,0*0,0,0,1,0,0,0,1,1,0,1*0,0,0,0,0,0*0,0*0,1,0,0,1,0,0,0,0,0,0,0,0,0,0,0,0,0,1,0,0,0,0,0,0,0,0,0,0,0,0
TTDV*95*summary*10*378000*1*0*0*0*小客車*0,1,0,0,0,1,1,1,0,0,0,0,0,1,0,0*0,1,1,1,0,0,0,0,1,0,1*0,0,0,0,0,0*0,0*0,0,0,0,1,0,0,0,0,0,0,0,0,0,0,0,0,0,0,0,0,0,0,0,0,0,0,0,0,0,0
TTDV*95*small*120*15142*1*0*0*小客車*小客車*0,1,0,0,0,0,0,0,0,0,0,0,0,0,0,0*0,1,1,1,0,0,0,0,0,0,0*0,0,0,0,0,0*0,1*0,0,0,0,0,0,0,0,0,0,0,0,1,0,0,0,1,0,0,0,0,0,0,0,0,0,0,0,0,0,0
TTDV*95*small*18*23140*1*0*0*小客車*小客車*0,1,0,0,0,0,0,0,0,0,0,0,0,0,0,0*1,1,1,1,1,0,0,0,0,1,0*0,0,0,0,0,0*0,1*0,1,0,0,1,0,0,0,0,0,0,0,1,0,0,0,0,0,0,1,0,0,0,0,0,0,0,0,0,0,0
TTDV*95*small*238*0*0*0*0*0*0*0,0,0,0,0,0,0,1,0,0,0,0,0,0,0,0*0,1,1,0,0,0,0,0,1,0,0*0,0,0,0,0,0*1,0*0,0,0,0,0,0,0,0,0,0,0,0,0,0,0,0,0,0,0,0,0,0,0,0,0,0,0,0,0,0,0
TTDV*95*small*307*3892*1*0*0*小客車*小客車*0,1,0,0,0,0,0,0,0,0,0,0,0,0,0,0*0,1,1,1,0,0,0,1,0,0,0*0,0,0,0,0,0*0,1*0,0,0,0,0,0,0,0,0,0,0,0,1,0,0,0,0,0,0,0,0,0,0,0,0,0,0,0,0,0,0
TTDV*95*small*308*25297*1*0*0*0*三輪車*0,1,0,0,0,0,0,0,0,0,0,0,0,0,0,0*0,1,1,1,0,0,0,1,0,0,0*0,0,0,0,0,0*0,1*0,1,0,0,0,0,0,0,0,0,0,0,0,0,0,0,0,0,0,0,0,0,0,0,0,1,0,0,0,0,0
TTDV*95*small*359*30948*1*0*0*小客車*小客車*0,1,0,0,0,0,0,0,0,0,0,0,0,0,0,1*1,1,1,1,0,0,0,1,1,1,0*0,0,0,0,0,0*0,1*0,0,0,0,1,0,0,0,0,0,0,0,0,0,0,0,0,1,1,0,1,0,0,0,0,0,0,0,0,0,0
TTDV*95*small*508*5532*1*0*0*0*小客車*0,1,0,0,0,0,0,0,0,0,0,0,0,0,0,0*0,1,1,1,0,0,0,0,0,0,0*0,0,0,0,0,0*0,1*0,1,0,0,0,0,0,0,0,0,0,0,1,0,0,0,0,0,0,0,0,0,0,0,0,0,0,0,0,0,0
TTDV*95*small*6*26975*1*0*0*小客車*卡車*0,1,0,0,0,0,0,0,0,0,0,0,0,0,0,0*0,1,1,1,0,0,0,0,0,0,0*0,0,0,0,0,0*1,0*0,0,0,0,0,0,0,0,0,0,0,0,1,0,0,0,0,0,1,0,0,0,0,0,0,0,0,0,0,0,0
TTDV*95*summary*3*130979*1*0*0*0*0*0,0,0,0,0,0,0,1,0,0,0,0,0,0,0,0*0,0,1,0,0,0,0,1,1,0,0*0,0,0,0,0,0*1,0*0,0,0,0,0,0,0,0,0,0,0,1,0,0,0,0,0,0,0,0,0,0,0,0,0,0,0,0,0,0,0
TTDV*95*summary*346*16670*1*0*0*0*0*0,1,1,0,0,0,0,0,0,0,0,0,0,1,0,0*0,1,1,1,0,0,0,1,1,0,0*0,0,0,0,0,0*0,0*0,0,0,0,0,0,0,0,0,0,0,0,1,0,0,0,0,0,0,0,0,0,0,0,0,0,0,0,0,0,0
TTDV*95*summary*347*76765*1*0*0*卡車*卡車*1,1,0,0,0,0,0,0,0,0,0,0,0,0,0,0*1,1,1,1,0,0,0,0,0,1,1*0,0,0,0,0,0*0,0*0,1,0,0,0,0,0,0,0,0,0,0,0,0,0,0,0,0,0,1,0,0,0,0,0,0,0,0,0,0,0
TTDV*95*summary*372*150000*1*陳信伍律師*李泰宏律師*0*0*0,0,0,0,0,0,0,0,0,0,0,0,0,0,0,0*0,1,1,0,0,0,0,0,0,0,0*0,0,0,0,0,0*1,0*0,0,0,0,0,0,0,0,0,0,0,0,0,0,0,0,0,0,0,0,0,0,0,0,0,0,0,0,0,0,0
TTDV*95*summary*40*30000*1*0*0*0*0*0,0,0,0,0,0,1,1,0,0,0,0,0,1,0,0*0,1,1,1,0,0,0,0,1,0,1*0,0,0,0,0,0*0,1*0,0,0,0,0,0,0,0,0,0,0,0,0,0,0,0,0,0,0,0,0,0,0,0,0,0,0,0,0,0,0
TTDV*95*summary*75*61436*1*0*0*0*0*1,1,1,0,0,0,0,0,0,0,0,0,0,0,0,0*0,0,1,0,0,0,0,1,0,0,0*0,0,0,0,0,0*0,0*0,0,0,0,0,1,0,0,0,0,0,0,0,0,0,0,0,0,0,0,0,0,0,0,0,0,0,0,0,0,0
TTDV*95*summary*76*153400*1*0*0*0*小客車*0,0,0,0,0,0,0,0,0,0,0,0,0,0,0,0*0,1,1,0,0,0,0,0,0,0,0*0,0,0,0,0,0*0,0*0,0,0,0,0,0,0,0,0,0,0,0,0,0,0,0,0,0,0,0,0,0,0,0,0,0,0,0,0,0,0
TTDV*95*summary*85*165000*1*0*0*0*0*0,1,0,0,0,0,0,0,0,0,0,0,0,0,0,0*1,0,1,1,0,0,0,1,0,1,0*0,0,0,0,0,0*0,0*0,1,0,0,1,0,0,0,0,0,0,0,0,0,0,0,0,0,1,0,0,0,1,0,0,0,0,0,0,0,0
TTDV*95*summary*86*160067*1*0*0*0*0*0,1,0,0,0,0,0,0,0,0,0,0,0,0,0,0*0,0,1,1,0,0,0,1,0,0,0*0,0,0,0,0,0*1,0*0,0,0,0,1,0,0,0,0,0,0,0,0,0,0,0,0,0,0,0,0,0,0,0,0,0,0,0,0,0,0
TTDV*95*summary*90*129643*1*陳信伍律師*0*0*小客車*0,0,1,0,0,0,0,1,0,0,0,0,0,1,1,0*0,1,1,1,0,0,0,1,1,0,1*0,1,0,0,1,0*0,1*0,0,0,0,1,0,0,0,0,0,0,0,0,0,0,0,1,1,1,0,0,0,0,0,1,0,0,0,0,0,1
TTDV*95*suit*121*593954*1*李泰宏律師*0*0*小客車*0,0,1,0,0,0,0,1,0,0,0,0,0,1,1,0*0,1,1,1,0,0,0,1,1,0,1*0,0,0,0,1,0*0,1*0,0,0,0,0,0,0,0,0,0,0,0,0,0,0,0,0,0,0,0,0,0,0,0,0,0,0,0,0,0,1
TTDV*95*suit*138*2043842*1*吳漢成律師*0*0*小客車*0,0,1,0,0,0,0,0,0,0,0,0,0,1,0,0*0,0,1,1,0,0,0,1,1,0,1*0,0,0,0,1,0*0,1*0,0,0,0,1,0,0,0,0,0,0,0,0,0,0,0,0,1,0,0,0,0,0,0,0,0,0,0,0,0,0
TTDV*95*suit*160*248247*1*0*0*0*小客車*0,0,1,0,0,0,1,1,0,0,0,1,0,1,1,0*1,1,0,1,1,0,0,1,0,0,1*0,0,0,0,1,0*0,1*0,0,0,0,0,0,0,0,0,0,0,0,0,0,0,0,0,0,0,0,0,0,0,0,0,0,0,0,0,0,0
TTDV*95*suit*168*400000*1*0*0*0*0*0,0,0,0,0,0,0,0,0,0,0,0,0,0,0,0*0,1,1,0,0,0,0,0,0,0,0*0,0,0,0,0,0*0,0*0,0,0,0,0,0,0,0,0,0,0,0,0,0,0,0,0,0,0,0,0,0,0,0,0,0,0,0,0,0,0
TTDV*95*suit*179*702066*1*陳信伍律師*0*0*小客車_重型機車*0,0,1,0,0,0,0,1,0,0,0,0,0,1,1,0*1,1,1,1,0,0,0,1,1,1,1*0,0,0,0,0,0*0,1*0,1,0,0,1,0,0,0,0,0,0,0,0,0,0,0,0,0,1,0,0,0,0,0,0,0,0,0,0,0,0
TTDV*95*suit*208*266000*1*郭重鑾律師*0*0*0*0,1,0,0,0,0,0,0,0,0,0,0,0,0,0,0*1,1,1,1,0,0,0,1,1,0,1*0,0,0,0,1,0*0,1*0,0,0,0,1,0,0,0,0,0,0,0,1,0,0,0,0,0,0,0,0,0,1,0,0,0,0,0,0,0,1
TTDV*95*suit*214*296975*1*劉櫂豪律師*陳信伍律師*0*0*0,0,1,0,0,0,0,1,0,0,0,0,0,1,0,0*0,1,1,1,0,0,0,0,0,0,1*0,0,0,0,0,0*0,1*0,0,0,0,0,0,0,0,0,0,0,0,0,0,0,0,0,0,0,0,0,0,0,0,0,0,0,0,0,0,0
TTDV*95*suit*25*123776*1*0*0*0*0*0,0,1,0,0,0,0,1,0,0,0,1,0,1,1,0*1,1,1,1,1,0,0,0,1,1,0*0,0,0,0,0,0*1,1*0,1,0,0,1,0,0,0,0,0,0,0,0,0,0,0,0,0,1,0,0,0,1,0,0,0,0,0,0,0,0
TTDV*95*suit*53*450000*1*吳漢成律師*陳信伍律師*0*0*0,0,1,0,0,0,0,0,0,0,0,0,0,0,0,0*1,1,1,1,1,0,0,1,1,1,1*0,0,0,0,0,0*0,0*0,1,0,0,0,0,0,0,0,0,0,0,0,0,0,0,0,0,1,0,0,0,0,0,0,0,0,0,0,0,0
TTDV*95*suit*60*0*0*邱聰安律師*張政衡律師_陳信伍律師*0*0*0,0,1,0,0,0,0,1,0,0,0,1,0,1,0,0*0,0,1,1,0,0,0,0,0,0,1*0,0,0,0,0,0*1,0*0,0,0,0,0,0,0,0,0,0,0,0,0,0,0,0,0,0,0,0,0,0,0,0,0,0,0,0,0,0,0
TTDV*95*suit*66*149053*1*陳信伍律師*吳漢成律師*0*小客車*0,0,1,0,0,0,0,1,0,0,0,0,0,1,1,0*0,1,1,1,0,0,0,0,0,0,0*0,0,0,0,0,0*0,1*0,1,0,0,1,0,0,0,0,0,0,0,0,0,0,0,1,0,1,0,0,0,0,0,0,0,0,0,0,0,0
TTDV*95*suit*71*760768*1*林詮勝律師*0*0*0*0,0,1,0,0,0,0,0,0,1,1,0,0,0,0,0*0,1,1,0,0,0,0,0,0,0,0*0,0,0,0,0,0*1,0*0,0,0,0,0,0,0,0,0,0,0,0,0,0,0,0,0,0,0,0,0,0,0,0,0,0,0,0,0,0,0
TTDV*95*suit*77*120293*1*0*0*0*卡車*0,1,1,0,0,0,0,1,1,0,0,0,0,1,1,0*1,1,1,1,0,0,0,1,1,1,1*0,0,0,0,1,0*0,1*0,1,0,0,0,0,0,0,0,0,0,0,0,0,0,0,0,0,0,0,0,0,0,0,0,0,1,0,0,0,0
TTDV*95*suit*89*843998*1*0*0*0*卡車*0,0,0,0,0,0,0,0,0,0,0,0,0,0,0,0*0,1,1,1,0,0,0,1,1,1,0*0,0,0,0,0,0*0,1*0,1,0,0,1,0,0,0,0,0,0,1,0,0,0,0,0,0,1,0,0,0,0,0,0,0,0,0,0,0,0
TTDV*95*suit*90*501989*1*0*0*0*重型機車*0,0,1,0,0,0,0,1,0,0,0,0,1,0,0,0*1,0,1,1,0,0,0,1,1,0,1*0,0,0,0,1,0*0,1*0,1,0,0,0,0,0,0,0,0,0,0,0,0,0,0,0,0,0,0,0,0,0,0,0,0,0,0,0,0,1
TTDV*95*suit*93*1460172*1*蕭芳芳律師*0*0*0*0,0,1,0,0,0,0,1,0,0,0,0,0,1,1,0*1,1,1,1,0,0,0,1,1,1,1*0,0,0,0,0,0*0,1*0,0,0,0,1,0,0,0,0,0,0,0,0,0,0,0,0,0,1,0,0,0,0,0,0,0,0,0,0,0,0
TTDV*95*suit*12*1051818*1*邱聰安律師*0*0*0*0,0,1,0,0,0,0,1,0,0,0,0,0,1,0,0*0,1,1,1,0,0,0,0,0,0,1*0,0,0,0,1,0*0,1*0,1,0,0,0,0,0,0,0,0,0,0,0,0,0,0,0,0,0,0,0,0,0,0,0,0,0,0,0,0,0
TTDV*95*suit*23*4798411*1*邱聰安律師*吳漢成律師*0*0*0,0,1,0,0,0,0,1,0,0,0,1,0,1,1,0*1,1,1,1,0,0,0,1,1,1,1*0,0,0,0,1,0*0,1*0,0,0,0,1,0,0,0,0,0,0,0,0,0,0,0,0,0,1,0,0,0,1,0,0,0,0,0,0,0,1
TTDV*96*summary*24*118379*1*0*0*0*小客車*0,1,0,0,0,0,0,0,0,0,0,0,0,0,0,0*0,1,1,1,0,0,0,1,0,0,1*0,0,0,0,0,0*0,1*0,0,0,0,0,0,0,0,0,0,0,0,1,0,0,0,0,0,0,0,0,0,0,0,0,0,0,0,0,0,0
TTDV*96*summary*25*62737*1*0*0*0*小客車*1,1,0,0,0,0,0,0,0,0,0,0,0,0,0,0*0,0,1,1,0,0,0,1,0,0,0*0,0,0,0,0,0*0,0*0,1,0,0,0,0,0,0,0,0,0,0,0,0,0,0,0,0,0,0,0,0,0,0,0,0,0,0,0,0,0
TTDV*96*small*126*10520*1*0*0*小客車*0*0,0,1,0,0,0,0,1,0,0,0,0,0,1,0,0*0,0,1,1,0,0,0,0,1,0,0*0,0,0,0,0,0*0,0*0,0,0,0,1,0,0,0,0,0,0,0,0,0,0,0,0,0,0,0,0,0,0,0,0,0,0,0,0,0,0
TTDV*96*small*177*24410*1*0*0*卡車*卡車*0,1,0,0,0,0,0,0,0,0,0,0,0,0,0,0*0,0,1,1,0,0,0,1,0,0,0*0,0,0,0,0,0*0,1*0,1,0,0,1,0,0,0,0,0,0,0,0,0,0,0,0,0,0,0,0,0,0,0,0,0,0,1,0,0,0
TTDV*96*small*263*16271*1*0*0*0*小客車*0,1,0,0,0,0,0,0,0,0,0,0,0,0,0,0*1,1,1,1,0,0,0,1,0,1,0*0,0,0,0,0,0*0,0*0,0,0,0,1,0,0,0,0,0,0,0,0,0,0,0,0,1,1,0,0,0,0,0,0,0,0,0,0,0,0
TTDV*96*small*345*15600*1*0*0*0*0*0,1,0,0,0,0,0,0,0,0,0,0,0,0,0,0*0,0,1,1,0,0,0,1,0,0,1*0,0,0,0,0,0*0,1*0,1,0,0,1,0,0,0,0,0,0,0,0,0,0,0,0,0,1,0,0,0,0,0,0,0,0,0,0,0,0
TTDV*96*small*578*28524*1*0*0*小客車*小客車*0,1,0,0,0,0,0,0,0,0,0,0,0,0,0,0*0,0,1,1,0,0,0,1,0,0,0*0,0,0,0,0,0*1,0*0,1,0,0,0,0,0,0,0,0,0,0,0,0,0,0,0,0,0,0,0,0,0,0,0,0,0,0,0,0,0
TTDV*96*small*598*36688*1*0*0*0*小客車*0,1,0,0,0,0,0,0,0,0,0,0,0,0,0,0*0,0,1,1,0,0,0,1,0,0,0*0,0,0,0,0,0*0,0*0,1,0,0,0,0,0,0,0,0,0,0,0,0,0,0,0,0,0,0,0,0,0,0,0,0,0,0,0,0,0
TTDV*96*small*678*36982*1*0*0*0*0*0,0,0,0,0,0,0,0,0,0,0,0,0,0,0,0*0,1,1,0,0,0,0,0,0,0,0*0,0,0,0,0,0*0,0*0,0,0,0,0,0,0,0,0,0,0,0,0,0,0,0,0,0,0,0,0,0,0,0,0,0,0,0,0,0,0
TTDV*96*small*686*57227*1*0*0*0*小客車*0,0,0,0,0,0,0,1,0,0,0,0,0,0,1,0*0,1,1,1,1,0,0,0,1,0,0*0,0,0,0,0,0*1,0*0,1,0,0,0,0,0,0,0,0,0,0,0,0,0,0,0,0,0,0,0,0,0,0,0,0,0,0,0,0,0
TTDV*96*small*72*35855*1*0*0*小客車*小客車*1,1,0,0,0,0,0,0,0,0,0,0,0,0,0,0*0,0,1,1,0,0,0,0,0,0,0*0,0,0,0,0,0*0,0*0,1,0,0,0,0,0,0,0,0,0,0,0,0,0,0,0,0,0,0,0,0,0,0,0,0,0,0,0,0,0
TTDV*96*small*89*40949*1*0*0*小客車*卡車*0,1,0,0,0,0,0,0,0,0,0,0,0,0,0,0*1,0,1,1,0,0,0,1,0,1,0*0,0,0,0,0,0*0,0*0,0,0,0,0,0,0,0,0,0,0,0,0,0,0,0,0,0,0,0,0,0,1,0,0,0,0,0,0,0,0
TTDV*96*small*99*0*1*0*0*0*小客車*0,0,0,0,0,0,0,0,0,0,0,0,0,0,0,0*0,0,1,0,0,0,0,1,0,0,0*0,0,0,0,0,0*0,0*0,0,0,0,0,0,0,0,0,0,0,0,0,0,0,0,0,0,0,0,0,0,0,0,0,0,0,0,0,0,0
TTDV*96*summary*10*60000*1*0*0*0*0*0,0,1,0,0,0,0,0,0,0,0,0,0,0,0,0*0,1,1,1,0,0,0,1,1,0,1*0,0,0,0,0,0*1,1*0,0,0,0,1,0,0,0,0,0,0,0,0,0,0,0,0,0,0,0,0,0,0,0,0,0,0,0,0,0,0
TTDV*96*summary*116*56170*1*0*0*0*0*0,0,1,0,0,0,0,1,0,0,0,0,0,1,0,0*0,1,1,1,0,0,0,0,1,0,0*0,0,0,0,0,0*0,1*0,0,0,0,0,0,0,0,0,0,0,0,0,0,0,0,0,0,0,0,0,0,0,0,0,0,0,0,0,0,0
TTDV*96*summary*269*0*0*0*0*0*小客車_大客車*0,1,0,0,0,0,0,0,0,0,0,0,0,0,0,0*1,0,1,1,0,0,0,0,0,1,0*0,0,0,0,0,0*0,1*0,0,0,0,0,0,0,0,0,0,0,0,0,0,0,0,0,0,1,0,0,0,1,0,0,0,0,0,0,0,0
TTDV*96*summary*71*20000*1*0*0*0*0*0,1,0,0,0,0,0,1,0,0,0,1,0,0,0,0*0,0,1,1,0,0,0,1,1,0,1*0,0,0,0,1,0*0,1*0,0,0,0,0,0,0,0,0,0,0,0,0,0,0,0,0,0,0,0,0,0,0,0,0,0,0,0,0,0,0
TTDV*96*summary*91*47521*1*0*0*卡車*卡車*0,1,0,0,0,0,0,0,0,0,0,0,0,0,0,0*0,0,1,1,0,0,0,1,0,0,0*0,0,0,0,0,0*0,1*0,0,0,0,0,0,0,0,0,0,0,0,0,0,0,0,0,0,0,0,0,0,0,0,0,0,0,0,0,0,0
TTDV*96*suit*112*2804778*1*0*0*小客車*0*0,0,0,0,0,0,0,1,0,0,0,0,0,0,0,0*0,0,1,1,0,0,0,0,1,0,1*0,0,0,0,0,0*0,1*0,1,0,0,0,0,0,0,0,0,0,0,0,0,0,0,0,0,0,0,0,0,0,0,0,0,0,0,0,0,0
TTDV*96*suit*15*50000*1*陳信伍律師*0*0*0*0,0,1,0,0,0,0,0,0,0,0,0,0,0,0,0*0,1,1,0,0,0,0,0,0,0,0*0,0,0,0,0,0*0,0*0,0,0,0,0,0,0,0,0,0,0,0,0,0,0,0,0,0,0,0,0,0,0,0,0,0,0,0,0,0,0
TTDV*96*suit*158*250000*1*0*0*0*0*0,0,1,0,0,0,1,0,0,0,0,0,0,0,0,0*0,0,1,0,0,0,0,0,1,0,0*0,0,0,0,0,0*1,1*0,0,0,0,0,0,0,0,0,0,0,0,0,0,0,0,0,0,0,0,0,0,0,0,0,0,0,0,0,0,0
TTDV*96*suit*24*7128484*1*0*0*0*卡車*0,0,1,1,0,0,0,1,1,0,0,1,0,1,1,0*1,1,1,1,0,0,0,1,1,1,1*0,0,0,0,0,0*1,1*0,1,0,0,1,0,0,0,0,0,0,0,0,0,0,0,0,1,0,0,0,0,0,0,0,0,0,0,0,0,0
TTDV*96*suit*30*0*0*0*0*0*0*0,0,0,0,0,0,0,0,0,0,0,0,0,0,0,0*0,1,1,0,0,0,0,0,1,0,0*0,0,0,0,0,0*0,1*0,0,0,0,0,0,0,0,0,0,0,0,0,0,0,0,0,0,0,0,0,0,0,0,0,0,0,0,0,0,0
TTDV*96*suit*32*613544*1*鄭文龍律師*吳漢成律師*0*小客車*0,0,1,0,0,0,0,1,0,0,0,0,0,1,1,0*0,1,1,1,0,0,0,0,0,1,1*0,0,0,0,0,0*0,1*0,0,0,0,0,0,0,0,0,0,0,0,0,0,0,0,0,0,1,0,0,0,0,0,0,0,1,0,0,0,0
TTDV*96*suit*68*1500000*1*0*0*卡車*0*0,0,0,0,0,0,0,0,0,0,0,0,0,0,0,0*0,0,1,1,0,0,0,0,1,0,0*0,0,0,0,0,0*0,0*0,1,0,0,0,0,0,0,0,0,0,0,0,0,0,0,0,0,0,0,0,0,0,0,0,0,0,0,0,0,0
TTDV*96*suit*81*750000*1*0*0*0*卡車*0,0,0,0,0,0,0,0,0,0,0,0,0,0,0,0*0,0,1,0,0,0,0,0,1,0,0*0,0,0,0,0,0*0,0*0,0,0,0,0,0,0,0,0,0,0,0,0,0,0,0,0,0,0,0,0,0,0,0,0,0,0,0,0,0,0
TTDV*96*suit*95*0*0*0*吳漢成律師*0*小客車*0,0,1,0,0,0,0,1,0,1,0,0,1,1,0,0*1,1,1,1,0,0,0,1,1,0,1*0,0,0,0,1,0*1,1*0,1,0,0,1,0,0,0,0,0,0,0,0,0,0,0,0,1,1,0,0,0,1,0,0,0,1,0,0,0,1
TTDV*96*suit*19*1200000*1*吳漢成律師*0*0*0*0,0,1,0,0,0,0,0,0,0,0,0,0,0,0,0*0,1,1,1,0,0,0,1,1,0,1*0,0,0,0,0,0*1,1*0,1,0,0,0,0,0,0,0,0,0,0,0,0,0,0,0,0,0,0,0,0,0,0,0,0,0,0,0,0,1
TTDV*97*small*198*60000*1*0*0*0*0*0,0,0,0,0,0,0,0,0,0,0,0,0,0,0,0*0,0,1,0,0,0,0,0,0,0,0*0,0,0,0,0,0*1,0*0,0,0,0,0,0,0,0,0,0,0,0,0,0,0,0,0,0,0,0,0,0,0,0,0,0,0,0,0,0,0
TTDV*97*small*241*4770*1*0*0*0*0*0,1,0,0,0,0,0,0,0,0,0,0,0,0,0,0*0,0,1,1,0,0,0,0,0,0,0*0,0,0,0,0,0*0,1*0,0,0,0,0,0,0,0,0,0,0,0,0,0,0,0,0,0,0,0,0,0,0,0,0,0,0,0,0,0,0
TTDV*97*small*245*51510*1*0*0*0*小客車*0,0,0,0,0,0,0,0,0,0,0,0,0,0,0,0*1,0,1,1,0,0,0,1,0,1,0*0,0,0,0,0,0*0,0*0,1,0,0,0,0,0,0,0,0,0,0,0,0,0,0,0,1,1,0,0,0,0,0,0,0,0,0,0,0,0
TTDV*97*small*277*11474*1*0*0*0*卡車*0,1,0,0,0,0,0,0,0,0,0,0,0,0,0,0*0,0,1,1,0,0,0,1,0,0,0*0,0,0,0,0,0*0,0*0,0,0,0,0,0,0,0,0,0,0,0,0,0,0,0,0,0,0,0,0,0,0,0,0,0,0,0,0,0,0
TTDV*97*small*286*19593*1*0*0*小客車*0*0,1,0,0,0,0,0,0,0,0,0,0,0,0,0,0*0,1,1,1,0,0,0,0,0,0,1*0,0,0,0,0,0*0,0*0,1,0,0,1,0,0,0,0,0,0,0,0,0,0,0,0,0,0,0,0,0,0,0,0,0,0,0,0,0,0
TTDV*97*small*287*38593*1*0*0*小客車*0*0,0,0,0,0,0,0,1,0,0,0,0,0,0,0,0*0,1,1,1,0,0,0,0,1,0,0*0,0,0,0,0,0*0,0*0,1,0,0,0,0,0,0,0,0,0,0,0,0,0,0,0,0,0,0,0,0,0,0,0,0,0,0,0,0,0
TTDV*97*small*404*0*0*0*0*營業小客車*0*0,0,0,0,0,0,0,0,0,0,0,0,0,0,0,0*0,1,1,0,0,0,0,0,0,0,0*0,0,0,0,0,0*0,1*0,0,0,0,0,0,0,0,0,0,0,0,0,0,0,0,0,0,0,0,0,0,0,0,0,0,0,0,0,0,0
TTDV*97*small*429*55259*1*0*0*小客車*小客車*0,0,0,0,0,0,0,0,0,0,0,0,0,0,0,0*0,0,1,0,0,0,0,1,0,0,0*0,0,0,0,0,0*0,0*0,0,0,0,0,0,0,0,0,0,0,0,0,0,0,0,1,0,0,1,0,0,0,0,0,0,0,0,0,0,0
TTDV*97*small*498*19853*1*0*0*小客車*小客車*0,1,0,0,0,0,0,0,0,0,0,0,0,0,0,0*0,0,1,0,0,0,0,0,0,0,0*0,0,0,0,0,0*0,0*0,0,0,0,0,0,0,0,0,0,0,0,0,0,0,0,0,0,0,1,0,0,0,0,0,0,0,0,0,0,0
TTDV*97*small*9*14191*1*0*0*0*小客車*0,1,0,0,0,0,0,0,0,0,0,0,0,0,0,0*0,1,1,1,0,0,0,0,0,0,1*0,0,0,0,0,0*0,0*0,0,0,0,0,0,0,0,0,0,0,0,0,0,0,0,0,0,0,0,0,0,0,0,0,0,0,0,0,0,0
TTDV*97*summary*179*81068*1*0*0*小客車*0*0,1,0,0,0,0,0,0,0,0,0,0,0,0,0,0*0,1,1,1,0,0,0,0,0,0,1*0,0,0,0,0,0*0,0*0,0,0,0,0,0,0,0,0,0,0,0,1,0,0,0,0,0,0,0,0,0,0,0,0,0,0,0,0,0,0
TTDV*97*summary*60*12500*1*0*吳漢城律師*0*0*0,0,1,0,0,0,0,1,0,0,0,0,0,1,0,0*0,1,1,1,0,0,0,0,1,0,1*0,0,0,0,0,0*0,1*0,1,0,0,0,0,0,0,0,0,0,0,0,0,0,0,0,0,1,0,0,0,0,0,0,0,0,0,0,0,0
TTDV*97*summary*68*164400*1*0*0*0*0*0,0,0,0,0,0,0,0,0,0,0,0,0,0,0,0*0,0,1,0,0,0,0,0,0,0,0*0,0,0,0,0,0*0,1*0,0,0,0,0,0,0,0,0,0,0,0,0,0,0,0,0,0,0,0,0,0,0,0,0,0,0,0,0,0,0
TTDV*97*summary*88*360000*1*0*0*0*小客車*0,0,0,0,0,0,0,0,0,0,0,0,0,0,0,0*0,1,1,0,0,0,0,0,1,0,0*0,0,0,0,0,0*0,0*0,0,0,0,0,0,0,0,0,0,0,0,0,0,0,0,0,0,0,0,0,0,0,0,0,0,0,0,0,0,0
TTDV*97*suit*112*1109316*1*陳信伍律師*0*0*小客車*0,0,1,0,0,0,0,1,0,0,0,0,0,1,0,0*1,1,1,1,0,0,0,0,1,1,1*0,0,0,0,0,0*1,0*0,0,0,0,0,0,0,0,0,0,0,0,0,0,0,0,0,1,1,0,0,0,0,0,0,0,0,0,0,0,1
TTDV*97*suit*119*653876*1*蕭芳芳律師*0*0*0*0,0,1,0,0,0,0,1,0,1,0,0,1,0,0,0*1,1,1,1,0,0,0,0,1,0,1*0,0,0,0,0,0*1,1*0,0,0,0,1,0,0,0,0,0,0,0,0,0,0,0,0,0,0,0,0,0,0,0,0,0,1,0,0,0,1
TTDV*97*suit*127*25000*1*0*吳漢成律師*0*小客車*0,0,1,0,0,0,0,0,0,1,1,0,1,0,0,0*0,1,1,1,0,0,0,0,0,1,1*0,0,0,0,0,0*0,1*0,0,0,0,1,0,0,0,0,0,0,0,0,0,0,0,0,1,1,0,0,0,0,0,0,0,0,0,0,0,0
TTDV*97*suit*155*470000*1*曾慶雲律師*吳漢成律師*0*卡車*0,0,1,0,0,0,0,0,0,1,0,0,1,0,0,0*0,1,1,1,0,0,0,0,0,1,1*0,0,0,0,0,0*0,1*0,0,0,0,1,0,0,0,0,1,0,0,0,0,0,0,0,1,1,0,0,0,0,0,0,0,1,0,0,0,0
TTDV*97*suit*31*0*0*0*0*0*小客車*0,0,1,0,0,0,0,0,0,0,0,0,0,0,0,0*0,1,1,1,0,0,0,0,0,0,1*0,0,0,0,0,0*1,0*0,1,0,0,0,0,0,0,0,0,0,0,0,0,0,0,0,0,0,0,0,0,0,0,0,0,0,0,0,0,0
TTDV*97*suit*57*52235*1*0*0*0*0*0,0,1,0,0,1,0,1,0,0,0,0,0,0,0,0*0,1,1,1,0,0,0,0,1,0,0*0,0,0,0,0,0*0,1*0,0,0,0,0,0,0,0,0,0,0,0,0,0,0,0,0,0,0,0,0,0,0,0,0,0,0,0,0,0,0
TTDV*97*suit*59*0*0*邱聰安律師*0*重型機車*小客車*0,1,1,0,0,0,0,1,0,0,0,1,0,1,1,0*1,1,1,1,0,0,0,1,1,1,0*0,0,0,0,0,0*0,1*0,1,0,0,1,0,0,0,0,0,0,0,0,0,0,0,0,1,0,0,0,0,0,0,0,0,0,1,0,0,0
TTDV*97*suit*7*279135*1*0*0*0*0*0,0,1,0,0,0,0,0,0,1,0,0,1,0,0,0*0,1,1,1,0,0,0,1,1,0,1*0,0,0,0,0,0*1,0*0,1,0,0,0,0,0,0,0,0,0,0,0,0,0,0,0,0,0,0,0,0,0,0,0,0,0,0,0,0,0
TTDV*97*suit*2*33093*1*李泰宏律師*戊○○律師*0*0*0,0,1,0,0,0,0,1,0,1,1,0,1,0,0,0*1,1,1,1,0,0,0,1,0,1,1*0,1,0,0,0,0*0,1*0,0,0,0,1,0,0,0,0,0,0,0,0,0,0,0,1,0,1,0,0,0,0,0,1,0,0,0,0,0,0
TTDV*97*suit*4*0*0*陳信伍律師*蕭芳芳律師*0*重型機車*0,0,1,0,0,0,0,1,0,0,0,0,0,1,1,0*0,1,1,1,0,0,0,0,1,0,1*0,0,0,0,0,0*1,0*0,1,0,0,0,0,0,0,0,0,0,0,1,0,0,0,0,0,0,0,0,0,0,0,0,0,0,0,0,0,0
TTDV*98*small*105*0*0*0*0*0*0*0,0,0,0,0,0,0,0,0,0,0,0,0,0,0,0*0,1,1,0,0,0,0,0,0,0,0*0,0,0,0,0,0*1,1*0,0,0,0,0,0,0,0,0,0,0,0,0,0,0,0,0,0,0,0,0,0,0,0,0,0,0,0,0,0,0
TTDV*98*small*126*4550*1*0*0*0*0*0,0,0,0,0,0,0,0,0,0,0,0,0,0,0,0*0,1,1,1,0,0,0,0,1,0,0*0,0,0,0,0,0*0,0*0,1,0,0,0,0,0,0,0,0,0,0,0,0,0,0,0,0,0,0,0,0,0,0,0,0,0,0,0,0,0
TTDV*98*small*257*23879*1*0*0*營業小客車*重型機車*0,1,0,0,0,0,0,0,0,0,0,0,0,0,0,0*0,1,1,1,0,0,0,0,0,0,0*0,0,0,0,0,0*0,1*0,1,0,0,1,0,0,0,0,0,0,0,1,0,0,0,1,0,0,0,0,0,0,0,0,0,1,0,1,0,1
TTDV*98*small*33*0*0*0*0*0*小客車*0,0,0,0,0,0,0,0,0,0,0,0,0,0,0,0*0,1,1,0,0,0,0,0,0,0,0*0,0,0,0,0,0*0,1*0,0,0,0,0,0,0,0,0,0,0,0,0,0,0,0,0,0,0,0,0,0,0,0,0,0,0,0,0,0,0
TTDV*98*summary*262*0*1*0*0*0*0*0,1,0,0,0,0,0,0,0,0,0,0,0,0,0,0*0,1,1,1,0,0,0,1,0,0,0*0,0,0,0,0,0*0,0*0,0,0,0,0,0,0,0,0,0,0,0,0,0,0,0,0,0,0,0,0,0,0,0,0,0,0,0,0,0,0
TTDV*98*summary*5*134268*1*0*0*0*0*0,1,0,0,0,0,0,0,0,0,0,0,0,0,0,0*1,1,1,1,0,0,0,1,0,1,1*0,0,0,0,0,0*0,1*0,0,0,0,1,0,0,0,0,0,0,0,0,0,0,0,0,0,1,0,0,0,0,0,0,0,0,0,0,0,1
TTDV*98*summary*82*100000*1*0*0*0*小客車*0,0,1,0,0,0,0,1,0,0,0,0,0,0,0,0*1,1,1,1,0,0,0,0,0,1,1*0,0,0,0,0,0*0,1*0,1,0,0,0,0,0,0,0,0,0,0,0,0,0,0,0,0,1,0,0,0,0,0,0,0,0,0,0,0,1
TTDV*98*suit*104*0*0*0*0*0*0*0,0,0,0,0,0,1,0,0,0,0,0,0,0,0,0*0,1,1,0,0,0,0,0,1,0,0*0,0,0,0,0,0*0,0*0,0,0,0,0,0,0,0,0,0,0,0,0,0,0,0,0,0,0,0,0,0,0,0,0,0,0,0,0,0,0
TTDV*98*suit*4*0*0*蕭芳芳律師*甲○○律師*0*0*0,0,0,0,0,0,0,0,0,0,0,0,0,0,0,0*0,1,1,0,0,0,0,0,0,0,0*0,0,0,0,0,0*0,0*0,0,0,0,0,0,0,0,0,0,0,0,0,0,0,0,0,0,0,0,0,0,0,0,0,0,0,0,0,0,0
TTDV*98*suit*82*500000*1*陳信伍律師*0*0*0*0,0,1,0,0,0,0,1,0,0,0,0,0,0,0,0*1,1,1,1,0,0,0,1,0,1,1*0,0,0,0,0,0*0,1*0,0,0,0,1,0,0,0,0,0,0,0,0,1,0,0,0,1,1,0,0,0,0,0,0,0,0,0,0,0,0
TTDV*98*suit*96*210000*1*0*0*0*0*0,0,0,0,0,0,0,0,0,0,0,0,0,0,0,1*0,0,1,0,0,0,0,0,0,0,0*0,0,0,0,0,0*0,0*0,0,0,0,0,0,0,0,0,0,0,0,0,0,0,0,0,0,0,0,0,0,0,0,0,0,0,0,0,0,0
TTDV*98*suit*19*22500*1*0*陳信伍律師*0*卡車*0,0,1,0,0,0,0,0,0,0,0,0,0,0,0,0*1,1,1,1,0,0,0,1,0,1,1*0,0,0,0,0,0*0,1*0,1,0,0,1,0,0,0,0,0,0,0,0,0,0,0,0,0,0,0,0,0,0,0,0,0,0,0,0,0,1
TTDV*98*suit*29*0*0*蘇建榮律師*簡燦賢律師*0*0*0,0,1,0,0,0,0,0,0,1,1,0,1,0,0,0*0,0,1,1,0,0,0,1,1,0,0*0,0,0,0,0,0*0,1*0,0,0,1,0,0,0,0,0,0,0,0,0,0,0,0,0,0,0,0,0,0,0,0,0,0,0,0,0,0,0
TTDV*98*suit*5*960000*1*吳漢成律師*徐韻晴律師*0*0*0,0,1,0,0,0,0,0,0,1,1,0,1,0,0,0*0,1,1,1,0,0,0,0,1,0,1*0,0,0,0,0,0*0,1*0,0,0,0,0,0,0,0,0,0,0,0,0,0,0,0,0,0,0,0,0,0,0,0,0,0,0,0,0,0,0
TTDV*99*small*113*0*0*0*邱聰安律師*0*0*0,0,0,0,0,0,0,0,0,0,0,0,0,0,0,0*0,1,1,0,0,0,0,0,0,0,0*0,0,0,0,0,0*0,0*0,0,0,0,0,0,0,0,0,0,0,0,0,0,0,0,0,0,0,0,0,0,0,0,0,0,0,0,0,0,0
TTDV*99*small*130*39050*1*0*0*小客車*0*0,1,1,0,0,0,0,0,0,0,0,0,0,1,0,0*0,1,1,0,0,0,0,0,1,0,0*0,0,0,0,0,0*0,0*0,0,0,0,0,0,0,0,0,0,0,0,0,0,0,0,0,0,0,0,0,0,0,0,0,0,0,0,0,0,0
TTDV*99*small*228*21696*1*0*0*卡車_小客車*小客車*0,1,0,0,0,0,0,0,0,0,0,0,0,0,0,0*0,1,1,1,0,0,0,1,0,0,0*0,0,0,0,0,0*0,1*0,1,0,0,1,0,0,0,0,0,0,0,0,0,0,0,0,1,0,0,0,0,0,0,0,0,0,0,0,0,0
TTDV*99*small*25*45000*1*0*0*0*卡車*0,0,0,0,0,0,0,0,0,0,0,0,0,0,0,0*0,0,1,0,0,0,0,0,0,0,0*0,0,0,0,0,0*0,1*0,0,0,0,0,0,0,0,0,0,0,0,0,0,0,0,0,0,0,0,0,0,0,0,0,0,0,0,0,0,0
TTDV*99*small*26*60000*1*0*0*0*卡車*0,0,0,0,0,0,0,0,0,0,0,0,0,0,0,0*0,0,1,0,0,0,0,0,0,0,0*0,0,0,0,0,0*0,1*0,0,0,0,0,0,0,0,0,0,0,0,0,0,0,0,0,0,0,0,0,0,0,0,0,0,0,0,0,0,0
TTDV*99*small*268*0*0*0*0*0*0*0,0,1,0,0,0,0,1,0,0,0,0,0,0,0,0*0,1,1,1,0,0,0,0,1,0,0*0,0,0,0,0,0*1,0*0,1,0,0,0,0,0,0,0,0,0,0,0,0,0,0,0,0,0,0,0,0,0,1,0,0,0,0,0,0,0
TTDV*99*small*77*0*0*0*0*0*0*0,1,0,0,0,0,0,0,0,0,0,0,0,0,0,0*0,1,1,0,0,0,0,0,0,0,0*0,0,0,0,0,0*0,1*0,0,0,0,0,0,0,0,0,0,0,0,0,0,0,0,0,0,0,0,0,0,0,0,0,0,0,0,0,0,0
TTDV*99*small*97*20424*1*0*0*小客車*小客車*0,1,0,0,0,0,0,0,0,0,0,0,0,0,0,0*1,1,1,1,0,0,0,0,0,1,0*0,0,0,0,0,0*0,1*0,0,0,0,0,0,0,0,0,0,0,0,0,0,0,0,0,1,1,0,0,0,0,0,0,0,0,0,0,0,0
TTDV*99*summary*122*327651*1*0*0*小客車*小客車*0,1,0,0,0,0,0,0,0,0,0,0,0,0,0,0*1,1,1,1,0,0,0,0,0,0,0*0,0,0,0,0,0*0,1*0,0,0,0,0,0,0,0,0,0,0,0,0,0,0,0,0,0,1,0,0,0,0,0,0,0,0,0,0,0,0
TTDV*99*summary*186*0*0*邱聰安律師*王舒慧律師*0*0*0,0,0,0,0,0,0,0,0,0,0,0,0,0,0,0*0,1,1,0,0,0,0,0,1,0,0*0,0,0,0,0,0*0,0*0,0,0,0,0,0,0,0,0,0,0,0,0,0,0,0,0,0,0,0,0,0,0,0,0,0,0,0,0,0,0
TTDV*99*summary*197*105483*1*0*陳信伍律師*0*0*0,1,0,0,0,0,0,0,0,0,0,0,0,0,0,0*1,1,1,1,0,0,0,1,1,1,0*0,0,0,0,1,0*0,1*0,1,0,1,1,0,0,0,0,0,0,0,0,0,0,0,1,0,1,0,0,0,1,0,0,0,0,0,0,0,1
TTDV*99*summary*214*282578*1*0*0*0*0*0,1,0,0,0,0,0,0,0,0,0,0,0,0,0,0*0,0,1,0,0,0,0,0,0,0,0*0,0,0,0,0,0*0,1*0,0,0,0,0,0,0,0,0,0,0,0,0,0,0,0,0,0,0,0,0,0,0,0,0,0,0,0,0,0,0
TTDV*99*summary*217*0*0*0*0*0*拖板車*0,0,0,0,0,0,0,0,0,0,0,0,0,0,0,0*0,1,1,0,0,0,0,0,0,0,0*0,0,0,0,0,0*0,0*0,0,0,0,0,0,0,0,0,0,0,0,0,0,0,0,0,0,0,0,0,0,0,0,0,0,0,0,0,0,0
TTDV*99*summary*32*100000*1*0*0*0*卡車*0,0,0,0,0,0,0,0,0,0,0,0,0,0,0,0*0,0,1,0,0,0,0,0,0,0,0*0,0,0,0,0,0*0,1*0,0,0,0,0,0,0,0,0,0,0,0,0,0,0,0,0,0,0,0,0,0,0,0,0,0,0,0,0,0,0
TTDV*99*summary*44*5000*1*0*0*0*火車_大客車*0,0,0,0,0,0,0,0,0,0,0,0,0,0,0,0*0,0,1,0,0,0,0,0,0,0,0*0,0,0,0,0,0*0,1*0,0,0,0,0,0,0,0,0,0,0,0,0,0,0,0,0,0,0,0,0,0,0,0,0,0,0,0,0,0,0
TTDV*99*summary*49*150000*1*0*0*0*0*0,0,0,0,0,0,0,0,0,0,0,0,0,0,0,0*0,0,1,0,1,0,0,0,0,0,0*0,0,0,0,0,0*0,1*0,0,0,0,1,0,0,0,0,0,0,1,0,0,0,0,0,0,0,0,0,0,0,0,0,0,0,0,0,0,0
TTDV*99*summary*54*140788*1*0*0*0*小客車*0,1,1,0,0,0,0,1,0,0,0,1,0,1,1,0*1,1,1,1,0,0,0,1,1,1,1*0,0,0,0,0,0*1,0*0,1,0,0,1,1,0,0,0,0,0,0,0,0,0,0,0,0,0,0,0,0,0,0,0,0,0,1,0,0,1
TTDV*99*summary*57*30000*1*0*0*0*小客車*0,0,1,0,0,0,0,1,0,0,0,0,0,1,0,0*0,1,1,0,0,0,0,0,0,0,0*0,0,0,0,0,0*1,0*0,0,0,0,0,0,0,0,0,0,0,0,0,0,0,0,0,0,0,0,0,0,0,0,0,0,0,0,0,0,0
TTDV*99*summary*86*0*0*0*0*0*0*0,0,0,0,0,0,0,0,0,0,0,0,0,0,0,0*0,1,1,0,0,0,0,0,1,0,0*0,0,0,0,0,0*0,0*0,0,0,0,0,0,0,0,0,0,0,0,0,0,0,0,0,0,0,0,0,0,0,0,0,0,0,0,0,0,0
TTDV*99*suit*116*0*0*0*郭重鑾律師*0*0*0,0,0,0,0,0,0,1,0,0,0,0,0,0,0,0*1,1,1,1,0,0,0,0,1,1,0*0,0,0,0,0,0*0,0*0,1,0,0,0,0,0,0,0,0,0,0,0,0,0,0,0,0,0,0,0,0,1,0,0,0,0,0,0,0,0
TTDV*99*suit*12*1371670*1*0*0*小客車*0*0,0,0,0,0,0,0,1,0,0,0,0,0,0,0,0*0,0,1,0,0,0,0,0,1,0,0*0,0,0,0,0,0*0,1*0,0,0,0,0,0,0,0,0,0,0,0,0,1,0,0,0,0,0,0,0,0,0,0,0,0,0,0,0,0,0
TTDV*99*suit*122*400000*1*0*林長振律師*0*0*0,0,1,0,0,0,0,0,0,0,0,0,0,0,0,0*0,1,1,1,0,0,0,0,1,0,0*0,0,0,0,0,0*0,0*0,0,0,0,0,0,0,0,0,0,0,0,0,0,0,0,0,0,0,0,0,0,0,0,0,0,0,0,0,0,0
TTDV*99*suit*124*1214830*1*傅爾洵律師*0*0*小客車*0,1,1,0,0,0,0,0,0,0,0,0,0,1,0,0*0,1,1,1,0,0,0,0,0,0,1*0,0,0,0,0,0*1,1*0,0,0,0,0,0,0,0,0,0,0,0,0,0,0,0,0,0,0,0,0,0,0,0,0,0,0,1,0,0,1
TTDV*99*suit*139*0*0*0*李泰宏律師*0*0*0,0,1,0,0,0,0,0,0,1,0,1,1,0,0,0*0,1,1,1,0,0,0,0,1,1,0*0,0,0,0,0,0*0,0*0,1,0,0,1,0,0,0,0,0,0,0,0,0,0,0,0,0,1,0,0,0,0,0,0,0,0,0,0,0,0
TTDV*99*suit*143*100164*1*陳信伍律師*0*0*重型機車*0,0,1,0,0,0,0,1,0,1,0,0,0,1,1,0*1,1,1,1,0,0,0,1,1,1,1*0,0,0,0,1,0*0,1*0,1,0,0,1,0,0,0,0,0,0,0,0,0,0,0,0,1,1,0,0,0,0,0,0,0,0,0,0,0,1
TTDV*99*suit*22*0*0*0*0*0*0*0,0,0,0,0,0,0,0,0,0,0,0,0,0,0,0*0,0,1,0,0,0,0,0,0,0,0*0,0,0,0,0,0*0,0*0,0,0,0,1,0,0,0,0,0,0,0,0,0,0,0,0,0,0,0,0,0,0,0,0,0,0,0,0,0,0
TTDV*99*suit*34*330186*1*吳漢成律師*陳信伍律師*0*營業小客車*0,0,1,0,0,0,0,1,0,1,0,0,1,0,0,0*1,1,1,1,0,0,0,0,0,0,1*0,0,0,0,0,0*1,1*0,1,0,0,0,0,0,0,0,0,0,0,0,0,0,0,0,1,1,0,0,0,0,0,0,0,0,0,0,0,0
TTDV*99*suit*37*20000*1*0*0*0*0*0,0,0,0,0,0,0,0,0,0,0,0,0,0,0,0*0,1,1,0,0,0,0,0,0,0,0*0,0,0,0,0,0*0,1*0,0,0,0,0,0,0,0,0,0,0,0,0,0,0,0,0,0,0,0,0,0,0,0,0,0,0,0,0,0,0
TTDV*99*suit*49*947845*1*0*0*0*0*0,0,0,0,0,0,0,1,0,0,0,0,0,0,0,0*1,1,1,1,0,0,0,0,0,1,1*0,0,0,0,1,0*0,1*0,1,0,0,0,0,0,0,0,0,0,0,0,0,0,0,0,0,0,0,0,0,0,0,0,0,0,0,0,0,1
TTDV*99*suit*14*620934*1*0*蕭芳芳律師_陳信伍律師*0*0*0,0,1,0,0,0,0,1,0,0,0,0,0,1,1,0*0,1,1,1,0,0,0,0,1,0,1*0,0,0,0,0,0*1,1*0,1,0,0,1,0,0,0,0,0,0,0,0,0,0,0,0,0,0,0,0,0,0,0,0,0,0,0,0,0,0
